A_l #Absorption as a function of layer. [-]
 layer_index	Absorption
1	      0.2691

A_z #A[0], [1],..A[nz-1]. [1/cm]

0.000	 5.2970E-001
0.100	 4.7516E-001
0.200	 3.9632E-001
0.300	 3.2746E-001
0.400	 2.6849E-001
0.500	 2.1759E-001
0.600	 1.7323E-001
0.700	 1.3415E-001
0.800	 1.6845E-001

# position   A[r][z]. [1/cm3]
# A[0][0], [1][0],..[nr-1][0]
# A[0][1], [1][1],..[nr-1][1]
# ...
# A[0][nz-1], [1][nz-1],..[nr-1][nz-1]
r    z   A_rz

0.000	0.000	 4.6196E+000
0.100	0.000	 1.1849E+000
0.200	0.000	 4.8435E-001
0.300	0.000	 2.4555E-001
0.400	0.000	 1.3550E-001
0.500	0.000	 7.9231E-002
0.600	0.000	 4.8453E-002
0.700	0.000	 3.0679E-002
0.800	0.000	 1.9954E-002
0.900	0.000	 1.3251E-002
1.000	0.000	 8.9620E-003
1.100	0.000	 6.1591E-003
1.200	0.000	 4.2700E-003
1.300	0.000	 1.2488E-002
0.000	0.100	 2.0771E+000
0.100	0.100	 1.0440E+000
0.200	0.100	 4.9819E-001
0.300	0.100	 2.6929E-001
0.400	0.100	 1.5574E-001
0.500	0.100	 9.4240E-002
0.600	0.100	 5.9121E-002
0.700	0.100	 3.8150E-002
0.800	0.100	 2.5217E-002
0.900	0.100	 1.6927E-002
1.000	0.100	 1.1540E-002
1.100	0.100	 7.9740E-003
1.200	0.100	 5.5525E-003
1.300	0.100	 1.6514E-002
0.000	0.200	 9.2563E-001
0.100	0.200	 6.5821E-001
0.200	0.200	 4.0461E-001
0.300	0.200	 2.4680E-001
0.400	0.200	 1.5357E-001
0.500	0.200	 9.7755E-002
0.600	0.200	 6.3610E-002
0.700	0.200	 4.2203E-002
0.800	0.200	 2.8434E-002
0.900	0.200	 1.9380E-002
1.000	0.200	 1.3380E-002
1.100	0.200	 9.3659E-003
1.200	0.200	 6.5817E-003
1.300	0.200	 1.9796E-002
0.000	0.300	 4.9319E-001
0.100	0.300	 4.0535E-001
0.200	0.300	 2.9363E-001
0.300	0.300	 2.0077E-001
0.400	0.300	 1.3536E-001
0.500	0.300	 9.1231E-002
0.600	0.300	 6.1800E-002
0.700	0.300	 4.2273E-002
0.800	0.300	 2.9170E-002
0.900	0.300	 2.0321E-002
1.000	0.300	 1.4226E-002
1.100	0.300	 1.0065E-002
1.200	0.300	 7.1419E-003
1.300	0.300	 2.1868E-002
0.000	0.400	 2.9511E-001
0.100	0.400	 2.5950E-001
0.200	0.400	 2.0620E-001
0.300	0.400	 1.5391E-001
0.400	0.400	 1.1121E-001
0.500	0.400	 7.9070E-002
0.600	0.400	 5.5929E-002
0.700	0.400	 3.9520E-002
0.800	0.400	 2.7941E-002
0.900	0.400	 1.9835E-002
1.000	0.400	 1.4128E-002
1.100	0.400	 1.0122E-002
1.200	0.400	 7.2486E-003
1.300	0.400	 2.2635E-002
0.000	0.500	 1.8861E-001
0.100	0.500	 1.7181E-001
0.200	0.500	 1.4449E-001
0.300	0.500	 1.1453E-001
0.400	0.500	 8.7379E-002
0.500	0.500	 6.5145E-002
0.600	0.500	 4.7865E-002
0.700	0.500	 3.4871E-002
0.800	0.500	 2.5275E-002
0.900	0.500	 1.8334E-002
1.000	0.500	 1.3250E-002
1.100	0.500	 9.5923E-003
1.200	0.500	 6.9448E-003
1.300	0.500	 2.2181E-002
0.000	0.600	 1.2494E-001
0.100	0.600	 1.1616E-001
0.200	0.600	 1.0134E-001
0.300	0.600	 8.3875E-002
0.400	0.600	 6.6691E-002
0.500	0.600	 5.1572E-002
0.600	0.600	 3.9157E-002
0.700	0.600	 2.9264E-002
0.800	0.600	 2.1713E-002
0.900	0.600	 1.6000E-002
1.000	0.600	 1.1781E-002
1.100	0.600	 8.6263E-003
1.200	0.600	 6.3099E-003
1.300	0.600	 2.0540E-002
0.000	0.700	 8.3869E-002
0.100	0.700	 7.9228E-002
0.200	0.700	 7.0648E-002
0.300	0.700	 6.0197E-002
0.400	0.700	 4.9424E-002
0.500	0.700	 3.9305E-002
0.600	0.700	 3.0612E-002
0.700	0.700	 2.3444E-002
0.800	0.700	 1.7716E-002
0.900	0.700	 1.3267E-002
1.000	0.700	 9.8798E-003
1.100	0.700	 7.3048E-003
1.200	0.700	 5.3998E-003
1.300	0.700	 1.7906E-002
0.000	0.800	 9.2032E-002
0.100	0.800	 8.7807E-002
0.200	0.800	 7.9901E-002
0.300	0.800	 6.9901E-002
0.400	0.800	 5.8901E-002
0.500	0.800	 4.8149E-002
0.600	0.800	 3.8419E-002
0.700	0.800	 3.0100E-002
0.800	0.800	 2.3194E-002
0.900	0.800	 1.7664E-002
1.000	0.800	 1.3308E-002
1.100	0.800	 9.9718E-003
1.200	0.800	 7.4372E-003
1.300	0.800	 2.5269E-002


# position   A[x][y][z]. [1/cm3]
# A[0][0][0], [1][0][0],..[nx-1][0][0]
# A[0][1][0], [1][1][0],..[nx-1][1][0]
# ...
# A[0][ny-1][0], [1][ny-1][0],..[nx-1][ny-1][0]
# ...
# A[0][ny-1][nz-1], [1][ny-1][nz-1],..[nx-1][ny-1][nz-1]
x    y   z   A_xyz

-0.900	-0.900	0.000	 6.2563E-002
-0.800	-0.900	0.000	 1.6003E-002
-0.700	-0.900	0.000	 1.9502E-002
-0.600	-0.900	0.000	 2.3384E-002
-0.500	-0.900	0.000	 2.7358E-002
-0.400	-0.900	0.000	 3.1713E-002
-0.300	-0.900	0.000	 3.5581E-002
-0.200	-0.900	0.000	 3.9143E-002
-0.100	-0.900	0.000	 4.1884E-002
0.000	-0.900	0.000	 8.6349E-002
0.100	-0.900	0.000	 4.1407E-002
0.200	-0.900	0.000	 3.8738E-002
0.300	-0.900	0.000	 3.5401E-002
0.400	-0.900	0.000	 3.1303E-002
0.500	-0.900	0.000	 2.7285E-002
0.600	-0.900	0.000	 2.3079E-002
0.700	-0.900	0.000	 1.9368E-002
0.800	-0.900	0.000	 7.9517E-002
-0.900	-0.800	0.000	 1.5991E-002
-0.800	-0.800	0.000	 5.0517E-003
-0.700	-0.800	0.000	 6.5333E-003
-0.600	-0.800	0.000	 8.2541E-003
-0.500	-0.800	0.000	 1.0388E-002
-0.400	-0.800	0.000	 1.2810E-002
-0.300	-0.800	0.000	 1.5059E-002
-0.200	-0.800	0.000	 1.7433E-002
-0.100	-0.800	0.000	 1.9040E-002
0.000	-0.800	0.000	 3.9894E-002
0.100	-0.800	0.000	 1.8829E-002
0.200	-0.800	0.000	 1.7255E-002
0.300	-0.800	0.000	 1.4826E-002
0.400	-0.800	0.000	 1.2734E-002
0.500	-0.800	0.000	 1.0394E-002
0.600	-0.800	0.000	 8.4053E-003
0.700	-0.800	0.000	 6.4578E-003
0.800	-0.800	0.000	 2.0925E-002
-0.900	-0.700	0.000	 1.9371E-002
-0.800	-0.700	0.000	 6.4951E-003
-0.700	-0.700	0.000	 8.5530E-003
-0.600	-0.700	0.000	 1.1084E-002
-0.500	-0.700	0.000	 1.4468E-002
-0.400	-0.700	0.000	 1.8126E-002
-0.300	-0.700	0.000	 2.2127E-002
-0.200	-0.700	0.000	 2.5912E-002
-0.100	-0.700	0.000	 2.8961E-002
0.000	-0.700	0.000	 6.1239E-002
0.100	-0.700	0.000	 2.8985E-002
0.200	-0.700	0.000	 2.5924E-002
0.300	-0.700	0.000	 2.1841E-002
0.400	-0.700	0.000	 1.8052E-002
0.500	-0.700	0.000	 1.4572E-002
0.600	-0.700	0.000	 1.1204E-002
0.700	-0.700	0.000	 8.5614E-003
0.800	-0.700	0.000	 2.5723E-002
-0.900	-0.600	0.000	 2.3271E-002
-0.800	-0.600	0.000	 8.1765E-003
-0.700	-0.600	0.000	 1.0953E-002
-0.600	-0.600	0.000	 1.4984E-002
-0.500	-0.600	0.000	 1.9915E-002
-0.400	-0.600	0.000	 2.5883E-002
-0.300	-0.600	0.000	 3.2553E-002
-0.200	-0.600	0.000	 3.9242E-002
-0.100	-0.600	0.000	 4.4850E-002
0.000	-0.600	0.000	 9.6319E-002
0.100	-0.600	0.000	 4.4995E-002
0.200	-0.600	0.000	 3.9347E-002
0.300	-0.600	0.000	 3.2129E-002
0.400	-0.600	0.000	 2.5644E-002
0.500	-0.600	0.000	 2.0077E-002
0.600	-0.600	0.000	 1.5026E-002
0.700	-0.600	0.000	 1.1189E-002
0.800	-0.600	0.000	 3.1426E-002
-0.900	-0.500	0.000	 2.7357E-002
-0.800	-0.500	0.000	 1.0400E-002
-0.700	-0.500	0.000	 1.4259E-002
-0.600	-0.500	0.000	 1.9928E-002
-0.500	-0.500	0.000	 2.7082E-002
-0.400	-0.500	0.000	 3.6794E-002
-0.300	-0.500	0.000	 4.8205E-002
-0.200	-0.500	0.000	 6.0518E-002
-0.100	-0.500	0.000	 7.1157E-002
0.000	-0.500	0.000	 1.5732E-001
0.100	-0.500	0.000	 7.1625E-002
0.200	-0.500	0.000	 6.0919E-002
0.300	-0.500	0.000	 4.7899E-002
0.400	-0.500	0.000	 3.6525E-002
0.500	-0.500	0.000	 2.7119E-002
0.600	-0.500	0.000	 1.9898E-002
0.700	-0.500	0.000	 1.4409E-002
0.800	-0.500	0.000	 3.7763E-002
-0.900	-0.400	0.000	 3.1467E-002
-0.800	-0.400	0.000	 1.2650E-002
-0.700	-0.400	0.000	 1.7894E-002
-0.600	-0.400	0.000	 2.5528E-002
-0.500	-0.400	0.000	 3.6683E-002
-0.400	-0.400	0.000	 5.1970E-002
-0.300	-0.400	0.000	 7.2087E-002
-0.200	-0.400	0.000	 9.5866E-002
-0.100	-0.400	0.000	 1.1877E-001
0.000	-0.400	0.000	 2.6743E-001
0.100	-0.400	0.000	 1.1846E-001
0.200	-0.400	0.000	 9.5433E-002
0.300	-0.400	0.000	 7.1708E-002
0.400	-0.400	0.000	 5.1424E-002
0.500	-0.400	0.000	 3.6124E-002
0.600	-0.400	0.000	 2.5656E-002
0.700	-0.400	0.000	 1.7861E-002
0.800	-0.400	0.000	 4.4491E-002
-0.900	-0.300	0.000	 3.5672E-002
-0.800	-0.300	0.000	 1.4988E-002
-0.700	-0.300	0.000	 2.2091E-002
-0.600	-0.300	0.000	 3.2286E-002
-0.500	-0.300	0.000	 4.7875E-002
-0.400	-0.300	0.000	 7.1592E-002
-0.300	-0.300	0.000	 1.0604E-001
-0.200	-0.300	0.000	 1.5302E-001
-0.100	-0.300	0.000	 2.0423E-001
0.000	-0.300	0.000	 4.8354E-001
0.100	-0.300	0.000	 2.0493E-001
0.200	-0.300	0.000	 1.5252E-001
0.300	-0.300	0.000	 1.0592E-001
0.400	-0.300	0.000	 7.1929E-002
0.500	-0.300	0.000	 4.8088E-002
0.600	-0.300	0.000	 3.2440E-002
0.700	-0.300	0.000	 2.1942E-002
0.800	-0.300	0.000	 5.0711E-002
-0.900	-0.200	0.000	 3.9189E-002
-0.800	-0.200	0.000	 1.7169E-002
-0.700	-0.200	0.000	 2.5823E-002
-0.600	-0.200	0.000	 3.9015E-002
-0.500	-0.200	0.000	 6.0624E-002
-0.400	-0.200	0.000	 9.5213E-002
-0.300	-0.200	0.000	 1.5227E-001
-0.200	-0.200	0.000	 2.4105E-001
-0.100	-0.200	0.000	 3.6473E-001
0.000	-0.200	0.000	 9.4555E-001
0.100	-0.200	0.000	 3.6560E-001
0.200	-0.200	0.000	 2.4128E-001
0.300	-0.200	0.000	 1.5210E-001
0.400	-0.200	0.000	 9.5541E-002
0.500	-0.200	0.000	 6.0503E-002
0.600	-0.200	0.000	 3.9213E-002
0.700	-0.200	0.000	 2.5715E-002
0.800	-0.200	0.000	 5.6124E-002
-0.900	-0.100	0.000	 4.1654E-002
-0.800	-0.100	0.000	 1.8875E-002
-0.700	-0.100	0.000	 2.8822E-002
-0.600	-0.100	0.000	 4.5000E-002
-0.500	-0.100	0.000	 7.1554E-002
-0.400	-0.100	0.000	 1.1885E-001
-0.300	-0.100	0.000	 2.0443E-001
-0.200	-0.100	0.000	 3.6362E-001
-0.100	-0.100	0.000	 6.5783E-001
0.000	-0.100	0.000	 2.2041E+000
0.100	-0.100	0.000	 6.6048E-001
0.200	-0.100	0.000	 3.6489E-001
0.300	-0.100	0.000	 2.0536E-001
0.400	-0.100	0.000	 1.1951E-001
0.500	-0.100	0.000	 7.1858E-002
0.600	-0.100	0.000	 4.4797E-002
0.700	-0.100	0.000	 2.8747E-002
0.800	-0.100	0.000	 6.0443E-002
-0.900	0.000	0.000	 8.5923E-002
-0.800	0.000	0.000	 3.9817E-002
-0.700	0.000	0.000	 6.0827E-002
-0.600	0.000	0.000	 9.6162E-002
-0.500	0.000	0.000	 1.5753E-001
-0.400	0.000	0.000	 2.6844E-001
-0.300	0.000	0.000	 4.8335E-001
-0.200	0.000	0.000	 9.4404E-001
-0.100	0.000	0.000	 2.1973E+000
0.000	0.000	0.000	 1.6250E+001
0.100	0.000	0.000	 2.2139E+000
0.200	0.000	0.000	 9.4777E-001
0.300	0.000	0.000	 4.8570E-001
0.400	0.000	0.000	 2.6871E-001
0.500	0.000	0.000	 1.5743E-001
0.600	0.000	0.000	 9.5823E-002
0.700	0.000	0.000	 6.0567E-002
0.800	0.000	0.000	 1.2512E-001
-0.900	0.100	0.000	 4.1527E-002
-0.800	0.100	0.000	 1.8934E-002
-0.700	0.100	0.000	 2.9136E-002
-0.600	0.100	0.000	 4.5054E-002
-0.500	0.100	0.000	 7.2123E-002
-0.400	0.100	0.000	 1.1888E-001
-0.300	0.100	0.000	 2.0422E-001
-0.200	0.100	0.000	 3.6288E-001
-0.100	0.100	0.000	 6.5762E-001
0.000	0.100	0.000	 2.2053E+000
0.100	0.100	0.000	 6.5974E-001
0.200	0.100	0.000	 3.6479E-001
0.300	0.100	0.000	 2.0374E-001
0.400	0.100	0.000	 1.1934E-001
0.500	0.100	0.000	 7.1965E-002
0.600	0.100	0.000	 4.4886E-002
0.700	0.100	0.000	 2.8578E-002
0.800	0.100	0.000	 6.0342E-002
-0.900	0.200	0.000	 3.9352E-002
-0.800	0.200	0.000	 1.7366E-002
-0.700	0.200	0.000	 2.6012E-002
-0.600	0.200	0.000	 3.9124E-002
-0.500	0.200	0.000	 6.0588E-002
-0.400	0.200	0.000	 9.5732E-002
-0.300	0.200	0.000	 1.5361E-001
-0.200	0.200	0.000	 2.4088E-001
-0.100	0.200	0.000	 3.6348E-001
0.000	0.200	0.000	 9.4449E-001
0.100	0.200	0.000	 3.6432E-001
0.200	0.200	0.000	 2.4221E-001
0.300	0.200	0.000	 1.5235E-001
0.400	0.200	0.000	 9.5198E-002
0.500	0.200	0.000	 6.0544E-002
0.600	0.200	0.000	 3.9281E-002
0.700	0.200	0.000	 2.5952E-002
0.800	0.200	0.000	 5.5931E-002
-0.900	0.300	0.000	 3.5746E-002
-0.800	0.300	0.000	 1.5044E-002
-0.700	0.300	0.000	 2.1931E-002
-0.600	0.300	0.000	 3.2619E-002
-0.500	0.300	0.000	 4.8344E-002
-0.400	0.300	0.000	 7.2046E-002
-0.300	0.300	0.000	 1.0648E-001
-0.200	0.300	0.000	 1.5227E-001
-0.100	0.300	0.000	 2.0395E-001
0.000	0.300	0.000	 4.8408E-001
0.100	0.300	0.000	 2.0425E-001
0.200	0.300	0.000	 1.5301E-001
0.300	0.300	0.000	 1.0609E-001
0.400	0.300	0.000	 7.1568E-002
0.500	0.300	0.000	 4.8020E-002
0.600	0.300	0.000	 3.2488E-002
0.700	0.300	0.000	 2.1707E-002
0.800	0.300	0.000	 5.0358E-002
-0.900	0.400	0.000	 3.1719E-002
-0.800	0.400	0.000	 1.2645E-002
-0.700	0.400	0.000	 1.8035E-002
-0.600	0.400	0.000	 2.5783E-002
-0.500	0.400	0.000	 3.6733E-002
-0.400	0.400	0.000	 5.1599E-002
-0.300	0.400	0.000	 7.1699E-002
-0.200	0.400	0.000	 9.5608E-002
-0.100	0.400	0.000	 1.1930E-001
0.000	0.400	0.000	 2.6770E-001
0.100	0.400	0.000	 1.1905E-001
0.200	0.400	0.000	 9.5611E-002
0.300	0.400	0.000	 7.1714E-002
0.400	0.400	0.000	 5.2021E-002
0.500	0.400	0.000	 3.6576E-002
0.600	0.400	0.000	 2.5575E-002
0.700	0.400	0.000	 1.7971E-002
0.800	0.400	0.000	 4.4279E-002
-0.900	0.500	0.000	 2.7288E-002
-0.800	0.500	0.000	 1.0369E-002
-0.700	0.500	0.000	 1.4363E-002
-0.600	0.500	0.000	 2.0069E-002
-0.500	0.500	0.000	 2.7296E-002
-0.400	0.500	0.000	 3.6998E-002
-0.300	0.500	0.000	 4.8364E-002
-0.200	0.500	0.000	 6.1059E-002
-0.100	0.500	0.000	 7.1567E-002
0.000	0.500	0.000	 1.5718E-001
0.100	0.500	0.000	 7.2137E-002
0.200	0.500	0.000	 6.0682E-002
0.300	0.500	0.000	 4.8424E-002
0.400	0.500	0.000	 3.6612E-002
0.500	0.500	0.000	 2.6990E-002
0.600	0.500	0.000	 1.9722E-002
0.700	0.500	0.000	 1.4159E-002
0.800	0.500	0.000	 3.7706E-002
-0.900	0.600	0.000	 2.3116E-002
-0.800	0.600	0.000	 8.3511E-003
-0.700	0.600	0.000	 1.1108E-002
-0.600	0.600	0.000	 1.5185E-002
-0.500	0.600	0.000	 1.9840E-002
-0.400	0.600	0.000	 2.5783E-002
-0.300	0.600	0.000	 3.2540E-002
-0.200	0.600	0.000	 3.9164E-002
-0.100	0.600	0.000	 4.4898E-002
0.000	0.600	0.000	 9.6834E-002
0.100	0.600	0.000	 4.4576E-002
0.200	0.600	0.000	 3.9076E-002
0.300	0.600	0.000	 3.2284E-002
0.400	0.600	0.000	 2.5480E-002
0.500	0.600	0.000	 1.9706E-002
0.600	0.600	0.000	 1.5055E-002
0.700	0.600	0.000	 1.1247E-002
0.800	0.600	0.000	 3.1287E-002
-0.900	0.700	0.000	 1.9322E-002
-0.800	0.700	0.000	 6.5259E-003
-0.700	0.700	0.000	 8.5120E-003
-0.600	0.700	0.000	 1.1206E-002
-0.500	0.700	0.000	 1.4197E-002
-0.400	0.700	0.000	 1.7922E-002
-0.300	0.700	0.000	 2.2017E-002
-0.200	0.700	0.000	 2.6060E-002
-0.100	0.700	0.000	 2.9135E-002
0.000	0.700	0.000	 6.1093E-002
0.100	0.700	0.000	 2.8591E-002
0.200	0.700	0.000	 2.5589E-002
0.300	0.700	0.000	 2.2007E-002
0.400	0.700	0.000	 1.7948E-002
0.500	0.700	0.000	 1.4214E-002
0.600	0.700	0.000	 1.1436E-002
0.700	0.700	0.000	 8.6768E-003
0.800	0.700	0.000	 2.5797E-002
-0.900	0.800	0.000	 8.0193E-002
-0.800	0.800	0.000	 2.1394E-002
-0.700	0.800	0.000	 2.5920E-002
-0.600	0.800	0.000	 3.1444E-002
-0.500	0.800	0.000	 3.7781E-002
-0.400	0.800	0.000	 4.3866E-002
-0.300	0.800	0.000	 5.0618E-002
-0.200	0.800	0.000	 5.6316E-002
-0.100	0.800	0.000	 6.0454E-002
0.000	0.800	0.000	 1.2564E-001
0.100	0.800	0.000	 6.0274E-002
0.200	0.800	0.000	 5.6470E-002
0.300	0.800	0.000	 5.0591E-002
0.400	0.800	0.000	 4.4186E-002
0.500	0.800	0.000	 3.7542E-002
0.600	0.800	0.000	 3.1708E-002
0.700	0.800	0.000	 2.6181E-002
0.800	0.800	0.000	 1.0003E-001
-0.900	-0.900	0.100	 8.2958E-002
-0.800	-0.900	0.100	 2.1379E-002
-0.700	-0.900	0.100	 2.5536E-002
-0.600	-0.900	0.100	 3.0388E-002
-0.500	-0.900	0.100	 3.5806E-002
-0.400	-0.900	0.100	 4.1340E-002
-0.300	-0.900	0.100	 4.6215E-002
-0.200	-0.900	0.100	 5.0476E-002
-0.100	-0.900	0.100	 5.4396E-002
0.000	-0.900	0.100	 1.1159E-001
0.100	-0.900	0.100	 5.3716E-002
0.200	-0.900	0.100	 5.0666E-002
0.300	-0.900	0.100	 4.5878E-002
0.400	-0.900	0.100	 4.0902E-002
0.500	-0.900	0.100	 3.5701E-002
0.600	-0.900	0.100	 3.0250E-002
0.700	-0.900	0.100	 2.5658E-002
0.800	-0.900	0.100	 1.0491E-001
-0.900	-0.800	0.100	 2.1009E-002
-0.800	-0.800	0.100	 6.6838E-003
-0.700	-0.800	0.100	 8.4836E-003
-0.600	-0.800	0.100	 1.0547E-002
-0.500	-0.800	0.100	 1.3266E-002
-0.400	-0.800	0.100	 1.6278E-002
-0.300	-0.800	0.100	 1.9002E-002
-0.200	-0.800	0.100	 2.1817E-002
-0.100	-0.800	0.100	 2.4114E-002
0.000	-0.800	0.100	 5.0504E-002
0.100	-0.800	0.100	 2.4065E-002
0.200	-0.800	0.100	 2.1745E-002
0.300	-0.800	0.100	 1.9156E-002
0.400	-0.800	0.100	 1.6136E-002
0.500	-0.800	0.100	 1.3347E-002
0.600	-0.800	0.100	 1.0645E-002
0.700	-0.800	0.100	 8.3782E-003
0.800	-0.800	0.100	 2.7543E-002
-0.900	-0.700	0.100	 2.5067E-002
-0.800	-0.700	0.100	 8.3664E-003
-0.700	-0.700	0.100	 1.1081E-002
-0.600	-0.700	0.100	 1.4198E-002
-0.500	-0.700	0.100	 1.8206E-002
-0.400	-0.700	0.100	 2.2904E-002
-0.300	-0.700	0.100	 2.7510E-002
-0.200	-0.700	0.100	 3.2206E-002
-0.100	-0.700	0.100	 3.5943E-002
0.000	-0.700	0.100	 7.5950E-002
0.100	-0.700	0.100	 3.5895E-002
0.200	-0.700	0.100	 3.2338E-002
0.300	-0.700	0.100	 2.7601E-002
0.400	-0.700	0.100	 2.2697E-002
0.500	-0.700	0.100	 1.8236E-002
0.600	-0.700	0.100	 1.4327E-002
0.700	-0.700	0.100	 1.1082E-002
0.800	-0.700	0.100	 3.4174E-002
-0.900	-0.600	0.100	 3.0302E-002
-0.800	-0.600	0.100	 1.0718E-002
-0.700	-0.600	0.100	 1.4312E-002
-0.600	-0.600	0.100	 1.9089E-002
-0.500	-0.600	0.100	 2.4976E-002
-0.400	-0.600	0.100	 3.2210E-002
-0.300	-0.600	0.100	 4.0035E-002
-0.200	-0.600	0.100	 4.8143E-002
-0.100	-0.600	0.100	 5.4749E-002
0.000	-0.600	0.100	 1.1767E-001
0.100	-0.600	0.100	 5.4486E-002
0.200	-0.600	0.100	 4.8225E-002
0.300	-0.600	0.100	 4.0375E-002
0.400	-0.600	0.100	 3.2113E-002
0.500	-0.600	0.100	 2.5142E-002
0.600	-0.600	0.100	 1.9186E-002
0.700	-0.600	0.100	 1.4281E-002
0.800	-0.600	0.100	 4.1391E-002
-0.900	-0.500	0.100	 3.5687E-002
-0.800	-0.500	0.100	 1.3398E-002
-0.700	-0.500	0.100	 1.8327E-002
-0.600	-0.500	0.100	 2.5278E-002
-0.500	-0.500	0.100	 3.3972E-002
-0.400	-0.500	0.100	 4.5251E-002
-0.300	-0.500	0.100	 5.9055E-002
-0.200	-0.500	0.100	 7.3264E-002
-0.100	-0.500	0.100	 8.5555E-002
0.000	-0.500	0.100	 1.8730E-001
0.100	-0.500	0.100	 8.5507E-002
0.200	-0.500	0.100	 7.3461E-002
0.300	-0.500	0.100	 5.8852E-002
0.400	-0.500	0.100	 4.5315E-002
0.500	-0.500	0.100	 3.4032E-002
0.600	-0.500	0.100	 2.5052E-002
0.700	-0.500	0.100	 1.8179E-002
0.800	-0.500	0.100	 4.9232E-002
-0.900	-0.400	0.100	 4.1307E-002
-0.800	-0.400	0.100	 1.6163E-002
-0.700	-0.400	0.100	 2.2664E-002
-0.600	-0.400	0.100	 3.2234E-002
-0.500	-0.400	0.100	 4.5404E-002
-0.400	-0.400	0.100	 6.3002E-002
-0.300	-0.400	0.100	 8.6109E-002
-0.200	-0.400	0.100	 1.1239E-001
-0.100	-0.400	0.100	 1.3852E-001
0.000	-0.400	0.100	 3.0914E-001
0.100	-0.400	0.100	 1.3791E-001
0.200	-0.400	0.100	 1.1295E-001
0.300	-0.400	0.100	 8.6070E-002
0.400	-0.400	0.100	 6.3215E-002
0.500	-0.400	0.100	 4.4914E-002
0.600	-0.400	0.100	 3.2183E-002
0.700	-0.400	0.100	 2.2916E-002
0.800	-0.400	0.100	 5.7735E-002
-0.900	-0.300	0.100	 4.6314E-002
-0.800	-0.300	0.100	 1.9151E-002
-0.700	-0.300	0.100	 2.7835E-002
-0.600	-0.300	0.100	 3.9921E-002
-0.500	-0.300	0.100	 5.8883E-002
-0.400	-0.300	0.100	 8.5764E-002
-0.300	-0.300	0.100	 1.2403E-001
-0.200	-0.300	0.100	 1.7303E-001
-0.100	-0.300	0.100	 2.2773E-001
0.000	-0.300	0.100	 5.3198E-001
0.100	-0.300	0.100	 2.2767E-001
0.200	-0.300	0.100	 1.7379E-001
0.300	-0.300	0.100	 1.2444E-001
0.400	-0.300	0.100	 8.5654E-002
0.500	-0.300	0.100	 5.8677E-002
0.600	-0.300	0.100	 4.0035E-002
0.700	-0.300	0.100	 2.7810E-002
0.800	-0.300	0.100	 6.5338E-002
-0.900	-0.200	0.100	 5.1078E-002
-0.800	-0.200	0.100	 2.1763E-002
-0.700	-0.200	0.100	 3.2232E-002
-0.600	-0.200	0.100	 4.7889E-002
-0.500	-0.200	0.100	 7.3320E-002
-0.400	-0.200	0.100	 1.1292E-001
-0.300	-0.200	0.100	 1.7363E-001
-0.200	-0.200	0.100	 2.6444E-001
-0.100	-0.200	0.100	 3.8420E-001
0.000	-0.200	0.100	 9.7308E-001
0.100	-0.200	0.100	 3.8548E-001
0.200	-0.200	0.100	 2.6559E-001
0.300	-0.200	0.100	 1.7397E-001
0.400	-0.200	0.100	 1.1186E-001
0.500	-0.200	0.100	 7.2962E-002
0.600	-0.200	0.100	 4.8061E-002
0.700	-0.200	0.100	 3.2459E-002
0.800	-0.200	0.100	 7.2791E-002
-0.900	-0.100	0.100	 5.3546E-002
-0.800	-0.100	0.100	 2.3697E-002
-0.700	-0.100	0.100	 3.5755E-002
-0.600	-0.100	0.100	 5.5322E-002
-0.500	-0.100	0.100	 8.5957E-002
-0.400	-0.100	0.100	 1.3828E-001
-0.300	-0.100	0.100	 2.2778E-001
-0.200	-0.100	0.100	 3.8517E-001
-0.100	-0.100	0.100	 6.5837E-001
0.000	-0.100	0.100	 1.9982E+000
0.100	-0.100	0.100	 6.5501E-001
0.200	-0.100	0.100	 3.8622E-001
0.300	-0.100	0.100	 2.2818E-001
0.400	-0.100	0.100	 1.3815E-001
0.500	-0.100	0.100	 8.6158E-002
0.600	-0.100	0.100	 5.5234E-002
0.700	-0.100	0.100	 3.6236E-002
0.800	-0.100	0.100	 7.8110E-002
-0.900	0.000	0.100	 1.1092E-001
-0.800	0.000	0.100	 5.0328E-002
-0.700	0.000	0.100	 7.6502E-002
-0.600	0.000	0.100	 1.1760E-001
-0.500	0.000	0.100	 1.8714E-001
-0.400	0.000	0.100	 3.0804E-001
-0.300	0.000	0.100	 5.3105E-001
-0.200	0.000	0.100	 9.7548E-001
-0.100	0.000	0.100	 2.0081E+000
0.000	0.000	0.100	 7.7982E+000
0.100	0.000	0.100	 1.9897E+000
0.200	0.000	0.100	 9.7560E-001
0.300	0.000	0.100	 5.3181E-001
0.400	0.000	0.100	 3.0895E-001
0.500	0.000	0.100	 1.8687E-001
0.600	0.000	0.100	 1.1720E-001
0.700	0.000	0.100	 7.5914E-002
0.800	0.000	0.100	 1.6165E-001
-0.900	0.100	0.100	 5.3586E-002
-0.800	0.100	0.100	 2.4029E-002
-0.700	0.100	0.100	 3.6121E-002
-0.600	0.100	0.100	 5.4861E-002
-0.500	0.100	0.100	 8.6092E-002
-0.400	0.100	0.100	 1.3768E-001
-0.300	0.100	0.100	 2.2788E-001
-0.200	0.100	0.100	 3.8482E-001
-0.100	0.100	0.100	 6.5753E-001
0.000	0.100	0.100	 1.9925E+000
0.100	0.100	0.100	 6.5639E-001
0.200	0.100	0.100	 3.8445E-001
0.300	0.100	0.100	 2.2784E-001
0.400	0.100	0.100	 1.3786E-001
0.500	0.100	0.100	 8.5780E-002
0.600	0.100	0.100	 5.4671E-002
0.700	0.100	0.100	 3.5887E-002
0.800	0.100	0.100	 7.7311E-002
-0.900	0.200	0.100	 5.0706E-002
-0.800	0.200	0.100	 2.2119E-002
-0.700	0.200	0.100	 3.2196E-002
-0.600	0.200	0.100	 4.7999E-002
-0.500	0.200	0.100	 7.3259E-002
-0.400	0.200	0.100	 1.1264E-001
-0.300	0.200	0.100	 1.7371E-001
-0.200	0.200	0.100	 2.6528E-001
-0.100	0.200	0.100	 3.8487E-001
0.000	0.200	0.100	 9.7343E-001
0.100	0.200	0.100	 3.8468E-001
0.200	0.200	0.100	 2.6570E-001
0.300	0.200	0.100	 1.7400E-001
0.400	0.200	0.100	 1.1232E-001
0.500	0.200	0.100	 7.2922E-002
0.600	0.200	0.100	 4.7979E-002
0.700	0.200	0.100	 3.2388E-002
0.800	0.200	0.100	 7.1804E-002
-0.900	0.300	0.100	 4.6364E-002
-0.800	0.300	0.100	 1.9136E-002
-0.700	0.300	0.100	 2.7523E-002
-0.600	0.300	0.100	 4.0127E-002
-0.500	0.300	0.100	 5.8592E-002
-0.400	0.300	0.100	 8.5884E-002
-0.300	0.300	0.100	 1.2390E-001
-0.200	0.300	0.100	 1.7393E-001
-0.100	0.300	0.100	 2.2745E-001
0.000	0.300	0.100	 5.3192E-001
0.100	0.300	0.100	 2.2695E-001
0.200	0.300	0.100	 1.7335E-001
0.300	0.300	0.100	 1.2359E-001
0.400	0.300	0.100	 8.5468E-002
0.500	0.300	0.100	 5.8367E-002
0.600	0.300	0.100	 3.9993E-002
0.700	0.300	0.100	 2.7669E-002
0.800	0.300	0.100	 6.4885E-002
-0.900	0.400	0.100	 4.1112E-002
-0.800	0.400	0.100	 1.6241E-002
-0.700	0.400	0.100	 2.2676E-002
-0.600	0.400	0.100	 3.2396E-002
-0.500	0.400	0.100	 4.5619E-002
-0.400	0.400	0.100	 6.3283E-002
-0.300	0.400	0.100	 8.5867E-002
-0.200	0.400	0.100	 1.1201E-001
-0.100	0.400	0.100	 1.3808E-001
0.000	0.400	0.100	 3.0886E-001
0.100	0.400	0.100	 1.3794E-001
0.200	0.400	0.100	 1.1209E-001
0.300	0.400	0.100	 8.6183E-002
0.400	0.400	0.100	 6.2892E-002
0.500	0.400	0.100	 4.5305E-002
0.600	0.400	0.100	 3.2009E-002
0.700	0.400	0.100	 2.3071E-002
0.800	0.400	0.100	 5.7160E-002
-0.900	0.500	0.100	 3.5820E-002
-0.800	0.500	0.100	 1.3312E-002
-0.700	0.500	0.100	 1.8276E-002
-0.600	0.500	0.100	 2.5117E-002
-0.500	0.500	0.100	 3.3964E-002
-0.400	0.500	0.100	 4.5283E-002
-0.300	0.500	0.100	 5.8953E-002
-0.200	0.500	0.100	 7.3312E-002
-0.100	0.500	0.100	 8.6089E-002
0.000	0.500	0.100	 1.8695E-001
0.100	0.500	0.100	 8.5930E-002
0.200	0.500	0.100	 7.3537E-002
0.300	0.500	0.100	 5.8888E-002
0.400	0.500	0.100	 4.5156E-002
0.500	0.500	0.100	 3.4104E-002
0.600	0.500	0.100	 2.5256E-002
0.700	0.500	0.100	 1.8144E-002
0.800	0.500	0.100	 4.9189E-002
-0.900	0.600	0.100	 3.0362E-002
-0.800	0.600	0.100	 1.0712E-002
-0.700	0.600	0.100	 1.4445E-002
-0.600	0.600	0.100	 1.9102E-002
-0.500	0.600	0.100	 2.5181E-002
-0.400	0.600	0.100	 3.2043E-002
-0.300	0.600	0.100	 4.0160E-002
-0.200	0.600	0.100	 4.8141E-002
-0.100	0.600	0.100	 5.5077E-002
0.000	0.600	0.100	 1.1773E-001
0.100	0.600	0.100	 5.5236E-002
0.200	0.600	0.100	 4.8489E-002
0.300	0.600	0.100	 4.0259E-002
0.400	0.600	0.100	 3.2338E-002
0.500	0.600	0.100	 2.5311E-002
0.600	0.600	0.100	 1.9377E-002
0.700	0.600	0.100	 1.4410E-002
0.800	0.600	0.100	 4.1035E-002
-0.900	0.700	0.100	 2.5414E-002
-0.800	0.700	0.100	 8.4973E-003
-0.700	0.700	0.100	 1.0906E-002
-0.600	0.700	0.100	 1.4228E-002
-0.500	0.700	0.100	 1.8348E-002
-0.400	0.700	0.100	 2.2820E-002
-0.300	0.700	0.100	 2.7212E-002
-0.200	0.700	0.100	 3.2082E-002
-0.100	0.700	0.100	 3.6093E-002
0.000	0.700	0.100	 7.5707E-002
0.100	0.700	0.100	 3.5936E-002
0.200	0.700	0.100	 3.2417E-002
0.300	0.700	0.100	 2.7712E-002
0.400	0.700	0.100	 2.2985E-002
0.500	0.700	0.100	 1.8544E-002
0.600	0.700	0.100	 1.4544E-002
0.700	0.700	0.100	 1.1133E-002
0.800	0.700	0.100	 3.4057E-002
-0.900	0.800	0.100	 1.0573E-001
-0.800	0.800	0.100	 2.7522E-002
-0.700	0.800	0.100	 3.3727E-002
-0.600	0.800	0.100	 4.1179E-002
-0.500	0.800	0.100	 4.8852E-002
-0.400	0.800	0.100	 5.7093E-002
-0.300	0.800	0.100	 6.5137E-002
-0.200	0.800	0.100	 7.2722E-002
-0.100	0.800	0.100	 7.8290E-002
0.000	0.800	0.100	 1.6136E-001
0.100	0.800	0.100	 7.7655E-002
0.200	0.800	0.100	 7.2153E-002
0.300	0.800	0.100	 6.4937E-002
0.400	0.800	0.100	 5.7395E-002
0.500	0.800	0.100	 4.8906E-002
0.600	0.800	0.100	 4.1494E-002
0.700	0.800	0.100	 3.4162E-002
0.800	0.800	0.100	 1.3221E-001
-0.900	-0.900	0.200	 9.9880E-002
-0.800	-0.900	0.200	 2.5088E-002
-0.700	-0.900	0.200	 3.0278E-002
-0.600	-0.900	0.200	 3.6244E-002
-0.500	-0.900	0.200	 4.2326E-002
-0.400	-0.900	0.200	 4.8527E-002
-0.300	-0.900	0.200	 5.4124E-002
-0.200	-0.900	0.200	 5.8908E-002
-0.100	-0.900	0.200	 6.2403E-002
0.000	-0.900	0.200	 1.2963E-001
0.100	-0.900	0.200	 6.2813E-002
0.200	-0.900	0.200	 5.9322E-002
0.300	-0.900	0.200	 5.4211E-002
0.400	-0.900	0.200	 4.8213E-002
0.500	-0.900	0.200	 4.2564E-002
0.600	-0.900	0.200	 3.6104E-002
0.700	-0.900	0.200	 3.0556E-002
0.800	-0.900	0.200	 1.2601E-001
-0.900	-0.800	0.200	 2.5150E-002
-0.800	-0.800	0.200	 7.8533E-003
-0.700	-0.800	0.200	 9.8113E-003
-0.600	-0.800	0.200	 1.2638E-002
-0.500	-0.800	0.200	 1.5499E-002
-0.400	-0.800	0.200	 1.8553E-002
-0.300	-0.800	0.200	 2.1708E-002
-0.200	-0.800	0.200	 2.4613E-002
-0.100	-0.800	0.200	 2.6947E-002
0.000	-0.800	0.200	 5.6992E-002
0.100	-0.800	0.200	 2.7347E-002
0.200	-0.800	0.200	 2.5032E-002
0.300	-0.800	0.200	 2.1837E-002
0.400	-0.800	0.200	 1.8466E-002
0.500	-0.800	0.200	 1.5379E-002
0.600	-0.800	0.200	 1.2524E-002
0.700	-0.800	0.200	 9.9206E-003
0.800	-0.800	0.200	 3.3145E-002
-0.900	-0.700	0.200	 3.0141E-002
-0.800	-0.700	0.200	 9.9150E-003
-0.700	-0.700	0.200	 1.2832E-002
-0.600	-0.700	0.200	 1.6459E-002
-0.500	-0.700	0.200	 2.1042E-002
-0.400	-0.700	0.200	 2.5681E-002
-0.300	-0.700	0.200	 3.1279E-002
-0.200	-0.700	0.200	 3.6061E-002
-0.100	-0.700	0.200	 3.9943E-002
0.000	-0.700	0.200	 8.4307E-002
0.100	-0.700	0.200	 3.9762E-002
0.200	-0.700	0.200	 3.6061E-002
0.300	-0.700	0.200	 3.0923E-002
0.400	-0.700	0.200	 2.5612E-002
0.500	-0.700	0.200	 2.0881E-002
0.600	-0.700	0.200	 1.6662E-002
0.700	-0.700	0.200	 1.2870E-002
0.800	-0.700	0.200	 4.0424E-002
-0.900	-0.600	0.200	 3.5847E-002
-0.800	-0.600	0.200	 1.2390E-002
-0.700	-0.600	0.200	 1.6630E-002
-0.600	-0.600	0.200	 2.1648E-002
-0.500	-0.600	0.200	 2.8137E-002
-0.400	-0.600	0.200	 3.5854E-002
-0.300	-0.600	0.200	 4.4281E-002
-0.200	-0.600	0.200	 5.2351E-002
-0.100	-0.600	0.200	 5.9617E-002
0.000	-0.600	0.200	 1.2667E-001
0.100	-0.600	0.200	 5.9208E-002
0.200	-0.600	0.200	 5.2440E-002
0.300	-0.600	0.200	 4.4384E-002
0.400	-0.600	0.200	 3.6006E-002
0.500	-0.600	0.200	 2.8577E-002
0.600	-0.600	0.200	 2.1710E-002
0.700	-0.600	0.200	 1.6442E-002
0.800	-0.600	0.200	 4.8659E-002
-0.900	-0.500	0.200	 4.2260E-002
-0.800	-0.500	0.200	 1.5386E-002
-0.700	-0.500	0.200	 2.0942E-002
-0.600	-0.500	0.200	 2.8227E-002
-0.500	-0.500	0.200	 3.7746E-002
-0.400	-0.500	0.200	 4.9465E-002
-0.300	-0.500	0.200	 6.3660E-002
-0.200	-0.500	0.200	 7.7575E-002
-0.100	-0.500	0.200	 9.0260E-002
0.000	-0.500	0.200	 1.9427E-001
0.100	-0.500	0.200	 8.9985E-002
0.200	-0.500	0.200	 7.7709E-002
0.300	-0.500	0.200	 6.3437E-002
0.400	-0.500	0.200	 4.9826E-002
0.500	-0.500	0.200	 3.7979E-002
0.600	-0.500	0.200	 2.8471E-002
0.700	-0.500	0.200	 2.0888E-002
0.800	-0.500	0.200	 5.7742E-002
-0.900	-0.400	0.200	 4.8444E-002
-0.800	-0.400	0.200	 1.8756E-002
-0.700	-0.400	0.200	 2.5975E-002
-0.600	-0.400	0.200	 3.5656E-002
-0.500	-0.400	0.200	 4.9612E-002
-0.400	-0.400	0.200	 6.7138E-002
-0.300	-0.400	0.200	 8.9923E-002
-0.200	-0.400	0.200	 1.1465E-001
-0.100	-0.400	0.200	 1.3773E-001
0.000	-0.400	0.200	 3.0469E-001
0.100	-0.400	0.200	 1.3811E-001
0.200	-0.400	0.200	 1.1511E-001
0.300	-0.400	0.200	 9.0225E-002
0.400	-0.400	0.200	 6.7558E-002
0.500	-0.400	0.200	 4.9567E-002
0.600	-0.400	0.200	 3.5868E-002
0.700	-0.400	0.200	 2.5850E-002
0.800	-0.400	0.200	 6.6796E-002
-0.900	-0.300	0.200	 5.4732E-002
-0.800	-0.300	0.200	 2.2070E-002
-0.700	-0.300	0.200	 3.1001E-002
-0.600	-0.300	0.200	 4.4180E-002
-0.500	-0.300	0.200	 6.3327E-002
-0.400	-0.300	0.200	 8.9589E-002
-0.300	-0.300	0.200	 1.2617E-001
-0.200	-0.300	0.200	 1.6961E-001
-0.100	-0.300	0.200	 2.1394E-001
0.000	-0.300	0.200	 4.8758E-001
0.100	-0.300	0.200	 2.1406E-001
0.200	-0.300	0.200	 1.6901E-001
0.300	-0.300	0.200	 1.2574E-001
0.400	-0.300	0.200	 8.9615E-002
0.500	-0.300	0.200	 6.2918E-002
0.600	-0.300	0.200	 4.4122E-002
0.700	-0.300	0.200	 3.1041E-002
0.800	-0.300	0.200	 7.5974E-002
-0.900	-0.200	0.200	 5.9709E-002
-0.800	-0.200	0.200	 2.4579E-002
-0.700	-0.200	0.200	 3.5930E-002
-0.600	-0.200	0.200	 5.2610E-002
-0.500	-0.200	0.200	 7.7443E-002
-0.400	-0.200	0.200	 1.1476E-001
-0.300	-0.200	0.200	 1.6997E-001
-0.200	-0.200	0.200	 2.4407E-001
-0.100	-0.200	0.200	 3.3056E-001
0.000	-0.200	0.200	 7.9534E-001
0.100	-0.200	0.200	 3.3023E-001
0.200	-0.200	0.200	 2.4426E-001
0.300	-0.200	0.200	 1.6965E-001
0.400	-0.200	0.200	 1.1439E-001
0.500	-0.200	0.200	 7.7345E-002
0.600	-0.200	0.200	 5.2485E-002
0.700	-0.200	0.200	 3.5975E-002
0.800	-0.200	0.200	 8.4367E-002
-0.900	-0.100	0.200	 6.3060E-002
-0.800	-0.100	0.200	 2.7062E-002
-0.700	-0.100	0.200	 3.9724E-002
-0.600	-0.100	0.200	 5.9383E-002
-0.500	-0.100	0.200	 8.9848E-002
-0.400	-0.100	0.200	 1.3828E-001
-0.300	-0.100	0.200	 2.1416E-001
-0.200	-0.100	0.200	 3.3213E-001
-0.100	-0.100	0.200	 4.9503E-001
0.000	-0.100	0.200	 1.2858E+000
0.100	-0.100	0.200	 4.9349E-001
0.200	-0.100	0.200	 3.3049E-001
0.300	-0.100	0.200	 2.1270E-001
0.400	-0.100	0.200	 1.3748E-001
0.500	-0.100	0.200	 9.0071E-002
0.600	-0.100	0.200	 5.9796E-002
0.700	-0.100	0.200	 3.9768E-002
0.800	-0.100	0.200	 9.0843E-002
-0.900	0.000	0.200	 1.3025E-001
-0.800	0.000	0.200	 5.6810E-002
-0.700	0.000	0.200	 8.4219E-002
-0.600	0.000	0.200	 1.2671E-001
-0.500	0.000	0.200	 1.9392E-001
-0.400	0.000	0.200	 3.0467E-001
-0.300	0.000	0.200	 4.8925E-001
-0.200	0.000	0.200	 7.9719E-001
-0.100	0.000	0.200	 1.2874E+000
0.000	0.000	0.200	 3.5898E+000
0.100	0.000	0.200	 1.2811E+000
0.200	0.000	0.200	 7.9498E-001
0.300	0.000	0.200	 4.8711E-001
0.400	0.000	0.200	 3.0517E-001
0.500	0.000	0.200	 1.9400E-001
0.600	0.000	0.200	 1.2653E-001
0.700	0.000	0.200	 8.3869E-002
0.800	0.000	0.200	 1.8660E-001
-0.900	0.100	0.200	 6.3256E-002
-0.800	0.100	0.200	 2.7365E-002
-0.700	0.100	0.200	 4.0087E-002
-0.600	0.100	0.200	 5.9381E-002
-0.500	0.100	0.200	 8.9949E-002
-0.400	0.100	0.200	 1.3783E-001
-0.300	0.100	0.200	 2.1376E-001
-0.200	0.100	0.200	 3.3219E-001
-0.100	0.100	0.200	 4.9596E-001
0.000	0.100	0.200	 1.2843E+000
0.100	0.100	0.200	 4.9211E-001
0.200	0.100	0.200	 3.3087E-001
0.300	0.100	0.200	 2.1317E-001
0.400	0.100	0.200	 1.3710E-001
0.500	0.100	0.200	 8.9431E-002
0.600	0.100	0.200	 5.9488E-002
0.700	0.100	0.200	 3.9824E-002
0.800	0.100	0.200	 8.9848E-002
-0.900	0.200	0.200	 5.9454E-002
-0.800	0.200	0.200	 2.4922E-002
-0.700	0.200	0.200	 3.6082E-002
-0.600	0.200	0.200	 5.2408E-002
-0.500	0.200	0.200	 7.6622E-002
-0.400	0.200	0.200	 1.1468E-001
-0.300	0.200	0.200	 1.6931E-001
-0.200	0.200	0.200	 2.4404E-001
-0.100	0.200	0.200	 3.3147E-001
0.000	0.200	0.200	 7.9719E-001
0.100	0.200	0.200	 3.3131E-001
0.200	0.200	0.200	 2.4343E-001
0.300	0.200	0.200	 1.6879E-001
0.400	0.200	0.200	 1.1489E-001
0.500	0.200	0.200	 7.7511E-002
0.600	0.200	0.200	 5.2555E-002
0.700	0.200	0.200	 3.5897E-002
0.800	0.200	0.200	 8.3775E-002
-0.900	0.300	0.200	 5.4359E-002
-0.800	0.300	0.200	 2.2043E-002
-0.700	0.300	0.200	 3.0967E-002
-0.600	0.300	0.200	 4.4211E-002
-0.500	0.300	0.200	 6.2788E-002
-0.400	0.300	0.200	 8.9379E-002
-0.300	0.300	0.200	 1.2566E-001
-0.200	0.300	0.200	 1.6908E-001
-0.100	0.300	0.200	 2.1429E-001
0.000	0.300	0.200	 4.8941E-001
0.100	0.300	0.200	 2.1332E-001
0.200	0.300	0.200	 1.6821E-001
0.300	0.300	0.200	 1.2520E-001
0.400	0.300	0.200	 8.9875E-002
0.500	0.300	0.200	 6.3301E-002
0.600	0.300	0.200	 4.4417E-002
0.700	0.300	0.200	 3.1279E-002
0.800	0.300	0.200	 7.5570E-002
-0.900	0.400	0.200	 4.8408E-002
-0.800	0.400	0.200	 1.8623E-002
-0.700	0.400	0.200	 2.5687E-002
-0.600	0.400	0.200	 3.5838E-002
-0.500	0.400	0.200	 4.9522E-002
-0.400	0.400	0.200	 6.7507E-002
-0.300	0.400	0.200	 8.9444E-002
-0.200	0.400	0.200	 1.1410E-001
-0.100	0.400	0.200	 1.3804E-001
0.000	0.400	0.200	 3.0383E-001
0.100	0.400	0.200	 1.3783E-001
0.200	0.400	0.200	 1.1477E-001
0.300	0.400	0.200	 8.9873E-002
0.400	0.400	0.200	 6.7415E-002
0.500	0.400	0.200	 4.9613E-002
0.600	0.400	0.200	 3.5982E-002
0.700	0.400	0.200	 2.5884E-002
0.800	0.400	0.200	 6.6589E-002
-0.900	0.500	0.200	 4.2169E-002
-0.800	0.500	0.200	 1.5475E-002
-0.700	0.500	0.200	 2.0833E-002
-0.600	0.500	0.200	 2.8438E-002
-0.500	0.500	0.200	 3.7563E-002
-0.400	0.500	0.200	 4.9643E-002
-0.300	0.500	0.200	 6.3468E-002
-0.200	0.500	0.200	 7.7693E-002
-0.100	0.500	0.200	 8.9815E-002
0.000	0.500	0.200	 1.9404E-001
0.100	0.500	0.200	 9.0327E-002
0.200	0.500	0.200	 7.7377E-002
0.300	0.500	0.200	 6.3197E-002
0.400	0.500	0.200	 4.9508E-002
0.500	0.500	0.200	 3.7855E-002
0.600	0.500	0.200	 2.8519E-002
0.700	0.500	0.200	 2.0823E-002
0.800	0.500	0.200	 5.7805E-002
-0.900	0.600	0.200	 3.6267E-002
-0.800	0.600	0.200	 1.2538E-002
-0.700	0.600	0.200	 1.6692E-002
-0.600	0.600	0.200	 2.1809E-002
-0.500	0.600	0.200	 2.8202E-002
-0.400	0.600	0.200	 3.6098E-002
-0.300	0.600	0.200	 4.4654E-002
-0.200	0.600	0.200	 5.2721E-002
-0.100	0.600	0.200	 5.9612E-002
0.000	0.600	0.200	 1.2684E-001
0.100	0.600	0.200	 5.9310E-002
0.200	0.600	0.200	 5.2861E-002
0.300	0.600	0.200	 4.4260E-002
0.400	0.600	0.200	 3.5958E-002
0.500	0.600	0.200	 2.8161E-002
0.600	0.600	0.200	 2.1921E-002
0.700	0.600	0.200	 1.6648E-002
0.800	0.600	0.200	 4.8960E-002
-0.900	0.700	0.200	 3.0664E-002
-0.800	0.700	0.200	 9.9019E-003
-0.700	0.700	0.200	 1.2905E-002
-0.600	0.700	0.200	 1.6457E-002
-0.500	0.700	0.200	 2.0825E-002
-0.400	0.700	0.200	 2.6031E-002
-0.300	0.700	0.200	 3.0931E-002
-0.200	0.700	0.200	 3.5958E-002
-0.100	0.700	0.200	 4.0329E-002
0.000	0.700	0.200	 8.4494E-002
0.100	0.700	0.200	 3.9862E-002
0.200	0.700	0.200	 3.5930E-002
0.300	0.700	0.200	 3.1012E-002
0.400	0.700	0.200	 2.6112E-002
0.500	0.700	0.200	 2.0920E-002
0.600	0.700	0.200	 1.6452E-002
0.700	0.700	0.200	 1.3012E-002
0.800	0.700	0.200	 4.0448E-002
-0.900	0.800	0.200	 1.2717E-001
-0.800	0.800	0.200	 3.3119E-002
-0.700	0.800	0.200	 4.0266E-002
-0.600	0.800	0.200	 4.8481E-002
-0.500	0.800	0.200	 5.7565E-002
-0.400	0.800	0.200	 6.6572E-002
-0.300	0.800	0.200	 7.5843E-002
-0.200	0.800	0.200	 8.4073E-002
-0.100	0.800	0.200	 9.0437E-002
0.000	0.800	0.200	 1.8626E-001
0.100	0.800	0.200	 9.0385E-002
0.200	0.800	0.200	 8.3754E-002
0.300	0.800	0.200	 7.5940E-002
0.400	0.800	0.200	 6.7078E-002
0.500	0.800	0.200	 5.8087E-002
0.600	0.800	0.200	 4.8819E-002
0.700	0.800	0.200	 4.0461E-002
0.800	0.800	0.200	 1.5829E-001
-0.900	-0.900	0.300	 1.1154E-001
-0.800	-0.900	0.300	 2.7635E-002
-0.700	-0.900	0.300	 3.3176E-002
-0.600	-0.900	0.300	 3.9237E-002
-0.500	-0.900	0.300	 4.5816E-002
-0.400	-0.900	0.300	 5.2537E-002
-0.300	-0.900	0.300	 5.9007E-002
-0.200	-0.900	0.300	 6.3843E-002
-0.100	-0.900	0.300	 6.6997E-002
0.000	-0.900	0.300	 1.3847E-001
0.100	-0.900	0.300	 6.7567E-002
0.200	-0.900	0.300	 6.3543E-002
0.300	-0.900	0.300	 5.8323E-002
0.400	-0.900	0.300	 5.2364E-002
0.500	-0.900	0.300	 4.5998E-002
0.600	-0.900	0.300	 3.9516E-002
0.700	-0.900	0.300	 3.3490E-002
0.800	-0.900	0.300	 1.3901E-001
-0.900	-0.800	0.300	 2.7656E-002
-0.800	-0.800	0.300	 8.4787E-003
-0.700	-0.800	0.300	 1.0615E-002
-0.600	-0.800	0.300	 1.3254E-002
-0.500	-0.800	0.300	 1.6278E-002
-0.400	-0.800	0.300	 1.9477E-002
-0.300	-0.800	0.300	 2.2636E-002
-0.200	-0.800	0.300	 2.5697E-002
-0.100	-0.800	0.300	 2.7892E-002
0.000	-0.800	0.300	 5.7964E-002
0.100	-0.800	0.300	 2.8048E-002
0.200	-0.800	0.300	 2.5886E-002
0.300	-0.800	0.300	 2.2665E-002
0.400	-0.800	0.300	 1.9446E-002
0.500	-0.800	0.300	 1.6327E-002
0.600	-0.800	0.300	 1.3305E-002
0.700	-0.800	0.300	 1.0744E-002
0.800	-0.800	0.300	 3.6324E-002
-0.900	-0.700	0.300	 3.3060E-002
-0.800	-0.700	0.300	 1.0707E-002
-0.700	-0.700	0.300	 1.3632E-002
-0.600	-0.700	0.300	 1.7345E-002
-0.500	-0.700	0.300	 2.1679E-002
-0.400	-0.700	0.300	 2.6581E-002
-0.300	-0.700	0.300	 3.1839E-002
-0.200	-0.700	0.300	 3.6521E-002
-0.100	-0.700	0.300	 3.9970E-002
0.000	-0.700	0.300	 8.4110E-002
0.100	-0.700	0.300	 4.0275E-002
0.200	-0.700	0.300	 3.6383E-002
0.300	-0.700	0.300	 3.1594E-002
0.400	-0.700	0.300	 2.6594E-002
0.500	-0.700	0.300	 2.1929E-002
0.600	-0.700	0.300	 1.7666E-002
0.700	-0.700	0.300	 1.3699E-002
0.800	-0.700	0.300	 4.4317E-002
-0.900	-0.600	0.300	 3.9413E-002
-0.800	-0.600	0.300	 1.3232E-002
-0.700	-0.600	0.300	 1.7561E-002
-0.600	-0.600	0.300	 2.2806E-002
-0.500	-0.600	0.300	 2.9123E-002
-0.400	-0.600	0.300	 3.6217E-002
-0.300	-0.600	0.300	 4.4326E-002
-0.200	-0.600	0.300	 5.1745E-002
-0.100	-0.600	0.300	 5.7928E-002
0.000	-0.600	0.300	 1.2361E-001
0.100	-0.600	0.300	 5.7892E-002
0.200	-0.600	0.300	 5.1623E-002
0.300	-0.600	0.300	 4.4391E-002
0.400	-0.600	0.300	 3.6587E-002
0.500	-0.600	0.300	 2.9289E-002
0.600	-0.600	0.300	 2.2821E-002
0.700	-0.600	0.300	 1.7519E-002
0.800	-0.600	0.300	 5.2961E-002
-0.900	-0.500	0.300	 4.5953E-002
-0.800	-0.500	0.300	 1.6499E-002
-0.700	-0.500	0.300	 2.1812E-002
-0.600	-0.500	0.300	 2.9136E-002
-0.500	-0.500	0.300	 3.8269E-002
-0.400	-0.500	0.300	 4.9305E-002
-0.300	-0.500	0.300	 6.1529E-002
-0.200	-0.500	0.300	 7.3821E-002
-0.100	-0.500	0.300	 8.4437E-002
0.000	-0.500	0.300	 1.8204E-001
0.100	-0.500	0.300	 8.4834E-002
0.200	-0.500	0.300	 7.4197E-002
0.300	-0.500	0.300	 6.1625E-002
0.400	-0.500	0.300	 4.8990E-002
0.500	-0.500	0.300	 3.8529E-002
0.600	-0.500	0.300	 2.9296E-002
0.700	-0.500	0.300	 2.1869E-002
0.800	-0.500	0.300	 6.2403E-002
-0.900	-0.400	0.300	 5.2413E-002
-0.800	-0.400	0.300	 1.9410E-002
-0.700	-0.400	0.300	 2.6767E-002
-0.600	-0.400	0.300	 3.6347E-002
-0.500	-0.400	0.300	 4.9203E-002
-0.400	-0.400	0.300	 6.5410E-002
-0.300	-0.400	0.300	 8.4657E-002
-0.200	-0.400	0.300	 1.0487E-001
-0.100	-0.400	0.300	 1.2287E-001
0.000	-0.400	0.300	 2.6827E-001
0.100	-0.400	0.300	 1.2341E-001
0.200	-0.400	0.300	 1.0535E-001
0.300	-0.400	0.300	 8.5209E-002
0.400	-0.400	0.300	 6.5149E-002
0.500	-0.400	0.300	 4.9137E-002
0.600	-0.400	0.300	 3.6343E-002
0.700	-0.400	0.300	 2.6716E-002
0.800	-0.400	0.300	 7.1783E-002
-0.900	-0.300	0.300	 5.9075E-002
-0.800	-0.300	0.300	 2.2440E-002
-0.700	-0.300	0.300	 3.1496E-002
-0.600	-0.300	0.300	 4.4129E-002
-0.500	-0.300	0.300	 6.1267E-002
-0.400	-0.300	0.300	 8.4349E-002
-0.300	-0.300	0.300	 1.1391E-001
-0.200	-0.300	0.300	 1.4719E-001
-0.100	-0.300	0.300	 1.7902E-001
0.000	-0.300	0.300	 3.9674E-001
0.100	-0.300	0.300	 1.7915E-001
0.200	-0.300	0.300	 1.4721E-001
0.300	-0.300	0.300	 1.1383E-001
0.400	-0.300	0.300	 8.4818E-002
0.500	-0.300	0.300	 6.1363E-002
0.600	-0.300	0.300	 4.4240E-002
0.700	-0.300	0.300	 3.1755E-002
0.800	-0.300	0.300	 8.1483E-002
-0.900	-0.200	0.300	 6.3742E-002
-0.800	-0.200	0.300	 2.5589E-002
-0.700	-0.200	0.300	 3.6311E-002
-0.600	-0.200	0.300	 5.1984E-002
-0.500	-0.200	0.300	 7.3623E-002
-0.400	-0.200	0.300	 1.0493E-001
-0.300	-0.200	0.300	 1.4719E-001
-0.200	-0.200	0.300	 2.0022E-001
-0.100	-0.200	0.300	 2.5330E-001
0.000	-0.200	0.300	 5.7971E-001
0.100	-0.200	0.300	 2.5310E-001
0.200	-0.200	0.300	 1.9932E-001
0.300	-0.200	0.300	 1.4696E-001
0.400	-0.200	0.300	 1.0484E-001
0.500	-0.200	0.300	 7.3652E-002
0.600	-0.200	0.300	 5.1664E-002
0.700	-0.200	0.300	 3.6578E-002
0.800	-0.200	0.300	 8.9595E-002
-0.900	-0.100	0.300	 6.7910E-002
-0.800	-0.100	0.300	 2.7766E-002
-0.700	-0.100	0.300	 4.0272E-002
-0.600	-0.100	0.300	 5.8423E-002
-0.500	-0.100	0.300	 8.4966E-002
-0.400	-0.100	0.300	 1.2313E-001
-0.300	-0.100	0.300	 1.7875E-001
-0.200	-0.100	0.300	 2.5288E-001
-0.100	-0.100	0.300	 3.3810E-001
0.000	-0.100	0.300	 7.9900E-001
0.100	-0.100	0.300	 3.3724E-001
0.200	-0.100	0.300	 2.5245E-001
0.300	-0.100	0.300	 1.7841E-001
0.400	-0.100	0.300	 1.2364E-001
0.500	-0.100	0.300	 8.4106E-002
0.600	-0.100	0.300	 5.7792E-002
0.700	-0.100	0.300	 4.0031E-002
0.800	-0.100	0.300	 9.5683E-002
-0.900	0.000	0.300	 1.3965E-001
-0.800	0.000	0.300	 5.7969E-002
-0.700	0.000	0.300	 8.4540E-002
-0.600	0.000	0.300	 1.2284E-001
-0.500	0.000	0.300	 1.8143E-001
-0.400	0.000	0.300	 2.6837E-001
-0.300	0.000	0.300	 3.9792E-001
-0.200	0.000	0.300	 5.8073E-001
-0.100	0.000	0.300	 8.0047E-001
0.000	0.000	0.300	 1.9389E+000
0.100	0.000	0.300	 7.9769E-001
0.200	0.000	0.300	 5.7968E-001
0.300	0.000	0.300	 3.9763E-001
0.400	0.000	0.300	 2.6910E-001
0.500	0.000	0.300	 1.8182E-001
0.600	0.000	0.300	 1.2318E-001
0.700	0.000	0.300	 8.4261E-002
0.800	0.000	0.300	 1.9801E-001
-0.900	0.100	0.300	 6.8128E-002
-0.800	0.100	0.300	 2.7807E-002
-0.700	0.100	0.300	 3.9874E-002
-0.600	0.100	0.300	 5.8011E-002
-0.500	0.100	0.300	 8.4631E-002
-0.400	0.100	0.300	 1.2339E-001
-0.300	0.100	0.300	 1.7902E-001
-0.200	0.100	0.300	 2.5344E-001
-0.100	0.100	0.300	 3.3805E-001
0.000	0.100	0.300	 7.9803E-001
0.100	0.100	0.300	 3.3691E-001
0.200	0.100	0.300	 2.5201E-001
0.300	0.100	0.300	 1.7824E-001
0.400	0.100	0.300	 1.2292E-001
0.500	0.100	0.300	 8.4814E-002
0.600	0.100	0.300	 5.8208E-002
0.700	0.100	0.300	 4.0190E-002
0.800	0.100	0.300	 9.5319E-002
-0.900	0.200	0.300	 6.3727E-002
-0.800	0.200	0.300	 2.5590E-002
-0.700	0.200	0.300	 3.6070E-002
-0.600	0.200	0.300	 5.1662E-002
-0.500	0.200	0.300	 7.3636E-002
-0.400	0.200	0.300	 1.0481E-001
-0.300	0.200	0.300	 1.4751E-001
-0.200	0.200	0.300	 1.9935E-001
-0.100	0.200	0.300	 2.5404E-001
0.000	0.200	0.300	 5.8049E-001
0.100	0.200	0.300	 2.5243E-001
0.200	0.200	0.300	 1.9823E-001
0.300	0.200	0.300	 1.4645E-001
0.400	0.200	0.300	 1.0464E-001
0.500	0.200	0.300	 7.3707E-002
0.600	0.200	0.300	 5.2079E-002
0.700	0.200	0.300	 3.6436E-002
0.800	0.200	0.300	 8.9515E-002
-0.900	0.300	0.300	 5.8544E-002
-0.800	0.300	0.300	 2.2916E-002
-0.700	0.300	0.300	 3.1866E-002
-0.600	0.300	0.300	 4.4189E-002
-0.500	0.300	0.300	 6.1237E-002
-0.400	0.300	0.300	 8.4346E-002
-0.300	0.300	0.300	 1.1411E-001
-0.200	0.300	0.300	 1.4730E-001
-0.100	0.300	0.300	 1.7922E-001
0.000	0.300	0.300	 3.9820E-001
0.100	0.300	0.300	 1.7826E-001
0.200	0.300	0.300	 1.4638E-001
0.300	0.300	0.300	 1.1353E-001
0.400	0.300	0.300	 8.4295E-002
0.500	0.300	0.300	 6.1051E-002
0.600	0.300	0.300	 4.4108E-002
0.700	0.300	0.300	 3.1874E-002
0.800	0.300	0.300	 8.0907E-002
-0.900	0.400	0.300	 5.2329E-002
-0.800	0.400	0.300	 1.9430E-002
-0.700	0.400	0.300	 2.6737E-002
-0.600	0.400	0.300	 3.6305E-002
-0.500	0.400	0.300	 4.8948E-002
-0.400	0.400	0.300	 6.5372E-002
-0.300	0.400	0.300	 8.4816E-002
-0.200	0.400	0.300	 1.0495E-001
-0.100	0.400	0.300	 1.2361E-001
0.000	0.400	0.300	 2.6902E-001
0.100	0.400	0.300	 1.2309E-001
0.200	0.400	0.300	 1.0513E-001
0.300	0.400	0.300	 8.4806E-002
0.400	0.400	0.300	 6.5784E-002
0.500	0.400	0.300	 4.9213E-002
0.600	0.400	0.300	 3.6339E-002
0.700	0.400	0.300	 2.6692E-002
0.800	0.400	0.300	 7.2122E-002
-0.900	0.500	0.300	 4.5977E-002
-0.800	0.500	0.300	 1.6283E-002
-0.700	0.500	0.300	 2.2009E-002
-0.600	0.500	0.300	 2.8920E-002
-0.500	0.500	0.300	 3.7888E-002
-0.400	0.500	0.300	 4.8946E-002
-0.300	0.500	0.300	 6.1806E-002
-0.200	0.500	0.300	 7.3896E-002
-0.100	0.500	0.300	 8.4851E-002
0.000	0.500	0.300	 1.8154E-001
0.100	0.500	0.300	 8.4510E-002
0.200	0.500	0.300	 7.3884E-002
0.300	0.500	0.300	 6.1420E-002
0.400	0.500	0.300	 4.9043E-002
0.500	0.500	0.300	 3.8348E-002
0.600	0.500	0.300	 2.9118E-002
0.700	0.500	0.300	 2.1941E-002
0.800	0.500	0.300	 6.2242E-002
-0.900	0.600	0.300	 3.9529E-002
-0.800	0.600	0.300	 1.3368E-002
-0.700	0.600	0.300	 1.7464E-002
-0.600	0.600	0.300	 2.2641E-002
-0.500	0.600	0.300	 2.8911E-002
-0.400	0.600	0.300	 3.6421E-002
-0.300	0.600	0.300	 4.4119E-002
-0.200	0.600	0.300	 5.1661E-002
-0.100	0.600	0.300	 5.7830E-002
0.000	0.600	0.300	 1.2322E-001
0.100	0.600	0.300	 5.8083E-002
0.200	0.600	0.300	 5.1829E-002
0.300	0.600	0.300	 4.4410E-002
0.400	0.600	0.300	 3.6200E-002
0.500	0.600	0.300	 2.9087E-002
0.600	0.600	0.300	 2.2756E-002
0.700	0.600	0.300	 1.7439E-002
0.800	0.600	0.300	 5.2830E-002
-0.900	0.700	0.300	 3.3647E-002
-0.800	0.700	0.300	 1.0751E-002
-0.700	0.700	0.300	 1.3694E-002
-0.600	0.700	0.300	 1.7343E-002
-0.500	0.700	0.300	 2.1994E-002
-0.400	0.700	0.300	 2.6881E-002
-0.300	0.700	0.300	 3.1816E-002
-0.200	0.700	0.300	 3.6136E-002
-0.100	0.700	0.300	 4.0257E-002
0.000	0.700	0.300	 8.4791E-002
0.100	0.700	0.300	 3.9843E-002
0.200	0.700	0.300	 3.6230E-002
0.300	0.700	0.300	 3.1769E-002
0.400	0.700	0.300	 2.6750E-002
0.500	0.700	0.300	 2.1837E-002
0.600	0.700	0.300	 1.7405E-002
0.700	0.700	0.300	 1.3672E-002
0.800	0.700	0.300	 4.3998E-002
-0.900	0.800	0.300	 1.4022E-001
-0.800	0.800	0.300	 3.6160E-002
-0.700	0.800	0.300	 4.3752E-002
-0.600	0.800	0.300	 5.2562E-002
-0.500	0.800	0.300	 6.2053E-002
-0.400	0.800	0.300	 7.2059E-002
-0.300	0.800	0.300	 8.1300E-002
-0.200	0.800	0.300	 8.9147E-002
-0.100	0.800	0.300	 9.5322E-002
0.000	0.800	0.300	 1.9794E-001
0.100	0.800	0.300	 9.5326E-002
0.200	0.800	0.300	 8.9585E-002
0.300	0.800	0.300	 8.1531E-002
0.400	0.800	0.300	 7.2083E-002
0.500	0.800	0.300	 6.2611E-002
0.600	0.800	0.300	 5.2649E-002
0.700	0.800	0.300	 4.4032E-002
0.800	0.800	0.300	 1.7582E-001
-0.900	-0.900	0.400	 1.1623E-001
-0.800	-0.900	0.400	 2.8657E-002
-0.700	-0.900	0.400	 3.4158E-002
-0.600	-0.900	0.400	 3.9979E-002
-0.500	-0.900	0.400	 4.6630E-002
-0.400	-0.900	0.400	 5.3388E-002
-0.300	-0.900	0.400	 5.9041E-002
-0.200	-0.900	0.400	 6.4322E-002
-0.100	-0.900	0.400	 6.8167E-002
0.000	-0.900	0.400	 1.4014E-001
0.100	-0.900	0.400	 6.8545E-002
0.200	-0.900	0.400	 6.3936E-002
0.300	-0.900	0.400	 5.9002E-002
0.400	-0.900	0.400	 5.2947E-002
0.500	-0.900	0.400	 4.6685E-002
0.600	-0.900	0.400	 4.0154E-002
0.700	-0.900	0.400	 3.4065E-002
0.800	-0.900	0.400	 1.4441E-001
-0.900	-0.800	0.400	 2.8526E-002
-0.800	-0.800	0.400	 8.5488E-003
-0.700	-0.800	0.400	 1.0681E-002
-0.600	-0.800	0.400	 1.3142E-002
-0.500	-0.800	0.400	 1.6097E-002
-0.400	-0.800	0.400	 1.9089E-002
-0.300	-0.800	0.400	 2.2030E-002
-0.200	-0.800	0.400	 2.4697E-002
-0.100	-0.800	0.400	 2.6692E-002
0.000	-0.800	0.400	 5.5801E-002
0.100	-0.800	0.400	 2.6777E-002
0.200	-0.800	0.400	 2.4591E-002
0.300	-0.800	0.400	 2.2022E-002
0.400	-0.800	0.400	 1.9038E-002
0.500	-0.800	0.400	 1.6062E-002
0.600	-0.800	0.400	 1.3216E-002
0.700	-0.800	0.400	 1.0692E-002
0.800	-0.800	0.400	 3.7125E-002
-0.900	-0.700	0.400	 3.3844E-002
-0.800	-0.700	0.400	 1.0664E-002
-0.700	-0.700	0.400	 1.3695E-002
-0.600	-0.700	0.400	 1.7063E-002
-0.500	-0.700	0.400	 2.0989E-002
-0.400	-0.700	0.400	 2.5608E-002
-0.300	-0.700	0.400	 3.0113E-002
-0.200	-0.700	0.400	 3.4380E-002
-0.100	-0.700	0.400	 3.7569E-002
0.000	-0.700	0.400	 7.8546E-002
0.100	-0.700	0.400	 3.7763E-002
0.200	-0.700	0.400	 3.4570E-002
0.300	-0.700	0.400	 3.0167E-002
0.400	-0.700	0.400	 2.5560E-002
0.500	-0.700	0.400	 2.1435E-002
0.600	-0.700	0.400	 1.7336E-002
0.700	-0.700	0.400	 1.3673E-002
0.800	-0.700	0.400	 4.4933E-002
-0.900	-0.600	0.400	 4.0131E-002
-0.800	-0.600	0.400	 1.3313E-002
-0.700	-0.600	0.400	 1.7170E-002
-0.600	-0.600	0.400	 2.1990E-002
-0.500	-0.600	0.400	 2.7864E-002
-0.400	-0.600	0.400	 3.4015E-002
-0.300	-0.600	0.400	 4.1091E-002
-0.200	-0.600	0.400	 4.7353E-002
-0.100	-0.600	0.400	 5.2679E-002
0.000	-0.600	0.400	 1.1130E-001
0.100	-0.600	0.400	 5.2905E-002
0.200	-0.600	0.400	 4.7773E-002
0.300	-0.600	0.400	 4.1289E-002
0.400	-0.600	0.400	 3.4292E-002
0.500	-0.600	0.400	 2.7892E-002
0.600	-0.600	0.400	 2.2098E-002
0.700	-0.600	0.400	 1.7157E-002
0.800	-0.600	0.400	 5.3600E-002
-0.900	-0.500	0.400	 4.6807E-002
-0.800	-0.500	0.400	 1.6063E-002
-0.700	-0.500	0.400	 2.1284E-002
-0.600	-0.500	0.400	 2.7672E-002
-0.500	-0.500	0.400	 3.5932E-002
-0.400	-0.500	0.400	 4.5435E-002
-0.300	-0.500	0.400	 5.5831E-002
-0.200	-0.500	0.400	 6.5967E-002
-0.100	-0.500	0.400	 7.4038E-002
0.000	-0.500	0.400	 1.5723E-001
0.100	-0.500	0.400	 7.3979E-002
0.200	-0.500	0.400	 6.5470E-002
0.300	-0.500	0.400	 5.5286E-002
0.400	-0.500	0.400	 4.5375E-002
0.500	-0.500	0.400	 3.5886E-002
0.600	-0.500	0.400	 2.8096E-002
0.700	-0.500	0.400	 2.1157E-002
0.800	-0.500	0.400	 6.3013E-002
-0.900	-0.400	0.400	 5.2960E-002
-0.800	-0.400	0.400	 1.9133E-002
-0.700	-0.400	0.400	 2.5510E-002
-0.600	-0.400	0.400	 3.4410E-002
-0.500	-0.400	0.400	 4.5352E-002
-0.400	-0.400	0.400	 5.8901E-002
-0.300	-0.400	0.400	 7.4444E-002
-0.200	-0.400	0.400	 8.9523E-002
-0.100	-0.400	0.400	 1.0272E-001
0.000	-0.400	0.400	 2.2105E-001
0.100	-0.400	0.400	 1.0260E-001
0.200	-0.400	0.400	 8.9195E-002
0.300	-0.400	0.400	 7.3862E-002
0.400	-0.400	0.400	 5.8563E-002
0.500	-0.400	0.400	 4.5310E-002
0.600	-0.400	0.400	 3.4487E-002
0.700	-0.400	0.400	 2.5591E-002
0.800	-0.400	0.400	 7.1891E-002
-0.900	-0.300	0.400	 5.8831E-002
-0.800	-0.300	0.400	 2.1946E-002
-0.700	-0.300	0.400	 3.0102E-002
-0.600	-0.300	0.400	 4.1382E-002
-0.500	-0.300	0.400	 5.5865E-002
-0.400	-0.300	0.400	 7.3959E-002
-0.300	-0.300	0.400	 9.5484E-002
-0.200	-0.300	0.400	 1.1862E-001
-0.100	-0.300	0.400	 1.4004E-001
0.000	-0.300	0.400	 3.0457E-001
0.100	-0.300	0.400	 1.4050E-001
0.200	-0.300	0.400	 1.1947E-001
0.300	-0.300	0.400	 9.5943E-002
0.400	-0.300	0.400	 7.3917E-002
0.500	-0.300	0.400	 5.5311E-002
0.600	-0.300	0.400	 4.1494E-002
0.700	-0.300	0.400	 3.0416E-002
0.800	-0.300	0.400	 8.1015E-002
-0.900	-0.200	0.400	 6.4449E-002
-0.800	-0.200	0.400	 2.4554E-002
-0.700	-0.200	0.400	 3.4185E-002
-0.600	-0.200	0.400	 4.8001E-002
-0.500	-0.200	0.400	 6.5996E-002
-0.400	-0.200	0.400	 8.9714E-002
-0.300	-0.200	0.400	 1.1973E-001
-0.200	-0.200	0.400	 1.5306E-001
-0.100	-0.200	0.400	 1.8482E-001
0.000	-0.200	0.400	 4.0783E-001
0.100	-0.200	0.400	 1.8463E-001
0.200	-0.200	0.400	 1.5289E-001
0.300	-0.200	0.400	 1.1908E-001
0.400	-0.200	0.400	 8.9286E-002
0.500	-0.200	0.400	 6.5320E-002
0.600	-0.200	0.400	 4.7662E-002
0.700	-0.200	0.400	 3.4519E-002
0.800	-0.200	0.400	 8.8821E-002
-0.900	-0.100	0.400	 6.8186E-002
-0.800	-0.100	0.400	 2.6575E-002
-0.700	-0.100	0.400	 3.7821E-002
-0.600	-0.100	0.400	 5.2912E-002
-0.500	-0.100	0.400	 7.4045E-002
-0.400	-0.100	0.400	 1.0297E-001
-0.300	-0.100	0.400	 1.4065E-001
-0.200	-0.100	0.400	 1.8460E-001
-0.100	-0.100	0.400	 2.2927E-001
0.000	-0.100	0.400	 5.1359E-001
0.100	-0.100	0.400	 2.2792E-001
0.200	-0.100	0.400	 1.8441E-001
0.300	-0.100	0.400	 1.3996E-001
0.400	-0.100	0.400	 1.0268E-001
0.500	-0.100	0.400	 7.3719E-002
0.600	-0.100	0.400	 5.3040E-002
0.700	-0.100	0.400	 3.7791E-002
0.800	-0.100	0.400	 9.5538E-002
-0.900	0.000	0.400	 1.3962E-001
-0.800	0.000	0.400	 5.5856E-002
-0.700	0.000	0.400	 7.8821E-002
-0.600	0.000	0.400	 1.1084E-001
-0.500	0.000	0.400	 1.5721E-001
-0.400	0.000	0.400	 2.2083E-001
-0.300	0.000	0.400	 3.0575E-001
-0.200	0.000	0.400	 4.0907E-001
-0.100	0.000	0.400	 5.1404E-001
0.000	0.000	0.400	 1.1674E+000
0.100	0.000	0.400	 5.1366E-001
0.200	0.000	0.400	 4.0960E-001
0.300	0.000	0.400	 3.0527E-001
0.400	0.000	0.400	 2.2106E-001
0.500	0.000	0.400	 1.5716E-001
0.600	0.000	0.400	 1.1148E-001
0.700	0.000	0.400	 7.8940E-002
0.800	0.000	0.400	 1.9677E-001
-0.900	0.100	0.400	 6.8179E-002
-0.800	0.100	0.400	 2.6839E-002
-0.700	0.100	0.400	 3.7712E-002
-0.600	0.100	0.400	 5.2853E-002
-0.500	0.100	0.400	 7.3909E-002
-0.400	0.100	0.400	 1.0271E-001
-0.300	0.100	0.400	 1.3992E-001
-0.200	0.100	0.400	 1.8431E-001
-0.100	0.100	0.400	 2.2875E-001
0.000	0.100	0.400	 5.1321E-001
0.100	0.100	0.400	 2.2757E-001
0.200	0.100	0.400	 1.8411E-001
0.300	0.100	0.400	 1.3999E-001
0.400	0.100	0.400	 1.0249E-001
0.500	0.100	0.400	 7.3848E-002
0.600	0.100	0.400	 5.2857E-002
0.700	0.100	0.400	 3.7812E-002
0.800	0.100	0.400	 9.5252E-002
-0.900	0.200	0.400	 6.4785E-002
-0.800	0.200	0.400	 2.4737E-002
-0.700	0.200	0.400	 3.4175E-002
-0.600	0.200	0.400	 4.7179E-002
-0.500	0.200	0.400	 6.5726E-002
-0.400	0.200	0.400	 8.9084E-002
-0.300	0.200	0.400	 1.1990E-001
-0.200	0.200	0.400	 1.5335E-001
-0.100	0.200	0.400	 1.8454E-001
0.000	0.200	0.400	 4.0757E-001
0.100	0.200	0.400	 1.8429E-001
0.200	0.200	0.400	 1.5285E-001
0.300	0.200	0.400	 1.1915E-001
0.400	0.200	0.400	 8.9101E-002
0.500	0.200	0.400	 6.5496E-002
0.600	0.200	0.400	 4.7564E-002
0.700	0.200	0.400	 3.4355E-002
0.800	0.200	0.400	 8.8968E-002
-0.900	0.300	0.400	 5.9147E-002
-0.800	0.300	0.400	 2.2117E-002
-0.700	0.300	0.400	 3.0416E-002
-0.600	0.300	0.400	 4.1238E-002
-0.500	0.300	0.400	 5.5682E-002
-0.400	0.300	0.400	 7.4029E-002
-0.300	0.300	0.400	 9.6002E-002
-0.200	0.300	0.400	 1.1945E-001
-0.100	0.300	0.400	 1.3993E-001
0.000	0.300	0.400	 3.0560E-001
0.100	0.300	0.400	 1.3980E-001
0.200	0.300	0.400	 1.1904E-001
0.300	0.300	0.400	 9.6068E-002
0.400	0.300	0.400	 7.4089E-002
0.500	0.300	0.400	 5.5627E-002
0.600	0.300	0.400	 4.1132E-002
0.700	0.300	0.400	 3.0113E-002
0.800	0.300	0.400	 8.1064E-002
-0.900	0.400	0.400	 5.2785E-002
-0.800	0.400	0.400	 1.8827E-002
-0.700	0.400	0.400	 2.5838E-002
-0.600	0.400	0.400	 3.4165E-002
-0.500	0.400	0.400	 4.5357E-002
-0.400	0.400	0.400	 5.8844E-002
-0.300	0.400	0.400	 7.4127E-002
-0.200	0.400	0.400	 8.9297E-002
-0.100	0.400	0.400	 1.0274E-001
0.000	0.400	0.400	 2.2146E-001
0.100	0.400	0.400	 1.0294E-001
0.200	0.400	0.400	 8.9700E-002
0.300	0.400	0.400	 7.4178E-002
0.400	0.400	0.400	 5.8655E-002
0.500	0.400	0.400	 4.5393E-002
0.600	0.400	0.400	 3.4338E-002
0.700	0.400	0.400	 2.5785E-002
0.800	0.400	0.400	 7.2416E-002
-0.900	0.500	0.400	 4.6611E-002
-0.800	0.500	0.400	 1.6057E-002
-0.700	0.500	0.400	 2.1449E-002
-0.600	0.500	0.400	 2.7713E-002
-0.500	0.500	0.400	 3.5705E-002
-0.400	0.500	0.400	 4.5254E-002
-0.300	0.500	0.400	 5.5872E-002
-0.200	0.500	0.400	 6.5563E-002
-0.100	0.500	0.400	 7.3975E-002
0.000	0.500	0.400	 1.5805E-001
0.100	0.500	0.400	 7.3483E-002
0.200	0.500	0.400	 6.5795E-002
0.300	0.500	0.400	 5.5929E-002
0.400	0.500	0.400	 4.5247E-002
0.500	0.500	0.400	 3.5966E-002
0.600	0.500	0.400	 2.7879E-002
0.700	0.500	0.400	 2.1187E-002
0.800	0.500	0.400	 6.2997E-002
-0.900	0.600	0.400	 4.0542E-002
-0.800	0.600	0.400	 1.3222E-002
-0.700	0.600	0.400	 1.7275E-002
-0.600	0.600	0.400	 2.2003E-002
-0.500	0.600	0.400	 2.7775E-002
-0.400	0.600	0.400	 3.4581E-002
-0.300	0.600	0.400	 4.1401E-002
-0.200	0.600	0.400	 4.8022E-002
-0.100	0.600	0.400	 5.3207E-002
0.000	0.600	0.400	 1.1165E-001
0.100	0.600	0.400	 5.2974E-002
0.200	0.600	0.400	 4.7633E-002
0.300	0.600	0.400	 4.1011E-002
0.400	0.600	0.400	 3.4302E-002
0.500	0.600	0.400	 2.7800E-002
0.600	0.600	0.400	 2.2065E-002
0.700	0.600	0.400	 1.7324E-002
0.800	0.600	0.400	 5.3777E-002
-0.900	0.700	0.400	 3.4483E-002
-0.800	0.700	0.400	 1.0802E-002
-0.700	0.700	0.400	 1.3515E-002
-0.600	0.700	0.400	 1.7051E-002
-0.500	0.700	0.400	 2.1030E-002
-0.400	0.700	0.400	 2.5668E-002
-0.300	0.700	0.400	 3.0291E-002
-0.200	0.700	0.400	 3.4362E-002
-0.100	0.700	0.400	 3.7735E-002
0.000	0.700	0.400	 7.9097E-002
0.100	0.700	0.400	 3.7401E-002
0.200	0.700	0.400	 3.4296E-002
0.300	0.700	0.400	 3.0153E-002
0.400	0.700	0.400	 2.5754E-002
0.500	0.700	0.400	 2.1321E-002
0.600	0.700	0.400	 1.7404E-002
0.700	0.700	0.400	 1.3778E-002
0.800	0.700	0.400	 4.4764E-002
-0.900	0.800	0.400	 1.4510E-001
-0.800	0.800	0.400	 3.6862E-002
-0.700	0.800	0.400	 4.4650E-002
-0.600	0.800	0.400	 5.3425E-002
-0.500	0.800	0.400	 6.2763E-002
-0.400	0.800	0.400	 7.2788E-002
-0.300	0.800	0.400	 8.1495E-002
-0.200	0.800	0.400	 8.8859E-002
-0.100	0.800	0.400	 9.5006E-002
0.000	0.800	0.400	 1.9554E-001
0.100	0.800	0.400	 9.5477E-002
0.200	0.800	0.400	 8.9390E-002
0.300	0.800	0.400	 8.1154E-002
0.400	0.800	0.400	 7.1753E-002
0.500	0.800	0.400	 6.2792E-002
0.600	0.800	0.400	 5.3218E-002
0.700	0.800	0.400	 4.4686E-002
0.800	0.800	0.400	 1.8138E-001
-0.900	-0.900	0.500	 1.1502E-001
-0.800	-0.900	0.500	 2.7791E-002
-0.700	-0.900	0.500	 3.3464E-002
-0.600	-0.900	0.500	 3.9153E-002
-0.500	-0.900	0.500	 4.4976E-002
-0.400	-0.900	0.500	 5.1366E-002
-0.300	-0.900	0.500	 5.6757E-002
-0.200	-0.900	0.500	 6.1203E-002
-0.100	-0.900	0.500	 6.4829E-002
0.000	-0.900	0.500	 1.3346E-001
0.100	-0.900	0.500	 6.4777E-002
0.200	-0.900	0.500	 6.0837E-002
0.300	-0.900	0.500	 5.5909E-002
0.400	-0.900	0.500	 5.0637E-002
0.500	-0.900	0.500	 4.5026E-002
0.600	-0.900	0.500	 3.8692E-002
0.700	-0.900	0.500	 3.2987E-002
0.800	-0.900	0.500	 1.4253E-001
-0.900	-0.800	0.500	 2.7789E-002
-0.800	-0.800	0.500	 8.0326E-003
-0.700	-0.800	0.500	 1.0141E-002
-0.600	-0.800	0.500	 1.2470E-002
-0.500	-0.800	0.500	 1.4981E-002
-0.400	-0.800	0.500	 1.7565E-002
-0.300	-0.800	0.500	 2.0266E-002
-0.200	-0.800	0.500	 2.2500E-002
-0.100	-0.800	0.500	 2.4221E-002
0.000	-0.800	0.500	 5.0436E-002
0.100	-0.800	0.500	 2.4360E-002
0.200	-0.800	0.500	 2.2623E-002
0.300	-0.800	0.500	 2.0207E-002
0.400	-0.800	0.500	 1.7369E-002
0.500	-0.800	0.500	 1.4854E-002
0.600	-0.800	0.500	 1.2238E-002
0.700	-0.800	0.500	 1.0177E-002
0.800	-0.800	0.500	 3.5652E-002
-0.900	-0.700	0.500	 3.2909E-002
-0.800	-0.700	0.500	 1.0112E-002
-0.700	-0.700	0.500	 1.2789E-002
-0.600	-0.700	0.500	 1.5945E-002
-0.500	-0.700	0.500	 1.9402E-002
-0.400	-0.700	0.500	 2.3014E-002
-0.300	-0.700	0.500	 2.7258E-002
-0.200	-0.700	0.500	 3.0721E-002
-0.100	-0.700	0.500	 3.3245E-002
0.000	-0.700	0.500	 6.9439E-002
0.100	-0.700	0.500	 3.3499E-002
0.200	-0.700	0.500	 3.0809E-002
0.300	-0.700	0.500	 2.7134E-002
0.400	-0.700	0.500	 2.3146E-002
0.500	-0.700	0.500	 1.9546E-002
0.600	-0.700	0.500	 1.6060E-002
0.700	-0.700	0.500	 1.2948E-002
0.800	-0.700	0.500	 4.3392E-002
-0.900	-0.600	0.500	 3.8723E-002
-0.800	-0.600	0.500	 1.2332E-002
-0.700	-0.600	0.500	 1.6021E-002
-0.600	-0.600	0.500	 2.0206E-002
-0.500	-0.600	0.500	 2.5222E-002
-0.400	-0.600	0.500	 3.0432E-002
-0.300	-0.600	0.500	 3.6130E-002
-0.200	-0.600	0.500	 4.0902E-002
-0.100	-0.600	0.500	 4.5281E-002
0.000	-0.600	0.500	 9.5649E-002
0.100	-0.600	0.500	 4.5759E-002
0.200	-0.600	0.500	 4.1283E-002
0.300	-0.600	0.500	 3.6383E-002
0.400	-0.600	0.500	 3.0707E-002
0.500	-0.600	0.500	 2.5173E-002
0.600	-0.600	0.500	 2.0387E-002
0.700	-0.600	0.500	 1.6050E-002
0.800	-0.600	0.500	 5.1342E-002
-0.900	-0.500	0.500	 4.4969E-002
-0.800	-0.500	0.500	 1.4995E-002
-0.700	-0.500	0.500	 1.9545E-002
-0.600	-0.500	0.500	 2.5421E-002
-0.500	-0.500	0.500	 3.1875E-002
-0.400	-0.500	0.500	 3.9479E-002
-0.300	-0.500	0.500	 4.8029E-002
-0.200	-0.500	0.500	 5.5072E-002
-0.100	-0.500	0.500	 6.1391E-002
0.000	-0.500	0.500	 1.2962E-001
0.100	-0.500	0.500	 6.1538E-002
0.200	-0.500	0.500	 5.5325E-002
0.300	-0.500	0.500	 4.7621E-002
0.400	-0.500	0.500	 3.9658E-002
0.500	-0.500	0.500	 3.2033E-002
0.600	-0.500	0.500	 2.5400E-002
0.700	-0.500	0.500	 1.9571E-002
0.800	-0.500	0.500	 5.9640E-002
-0.900	-0.400	0.500	 5.0800E-002
-0.800	-0.400	0.500	 1.7590E-002
-0.700	-0.400	0.500	 2.3195E-002
-0.600	-0.400	0.500	 3.0802E-002
-0.500	-0.400	0.500	 3.9588E-002
-0.400	-0.400	0.500	 5.0421E-002
-0.300	-0.400	0.500	 6.1420E-002
-0.200	-0.400	0.500	 7.2698E-002
-0.100	-0.400	0.500	 8.1661E-002
0.000	-0.400	0.500	 1.7297E-001
0.100	-0.400	0.500	 8.1430E-002
0.200	-0.400	0.500	 7.2427E-002
0.300	-0.400	0.500	 6.1292E-002
0.400	-0.400	0.500	 4.9931E-002
0.500	-0.400	0.500	 3.9578E-002
0.600	-0.400	0.500	 3.0469E-002
0.700	-0.400	0.500	 2.3475E-002
0.800	-0.400	0.500	 6.8226E-002
-0.900	-0.300	0.500	 5.6365E-002
-0.800	-0.300	0.500	 2.0336E-002
-0.700	-0.300	0.500	 2.7461E-002
-0.600	-0.300	0.500	 3.6510E-002
-0.500	-0.300	0.500	 4.7755E-002
-0.400	-0.300	0.500	 6.1652E-002
-0.300	-0.300	0.500	 7.6770E-002
-0.200	-0.300	0.500	 9.2408E-002
-0.100	-0.300	0.500	 1.0602E-001
0.000	-0.300	0.500	 2.2749E-001
0.100	-0.300	0.500	 1.0595E-001
0.200	-0.300	0.500	 9.2486E-002
0.300	-0.300	0.500	 7.6282E-002
0.400	-0.300	0.500	 6.1162E-002
0.500	-0.300	0.500	 4.7580E-002
0.600	-0.300	0.500	 3.6429E-002
0.700	-0.300	0.500	 2.7106E-002
0.800	-0.300	0.500	 7.6714E-002
-0.900	-0.200	0.500	 6.1205E-002
-0.800	-0.200	0.500	 2.2403E-002
-0.700	-0.200	0.500	 3.0892E-002
-0.600	-0.200	0.500	 4.1597E-002
-0.500	-0.200	0.500	 5.5515E-002
-0.400	-0.200	0.500	 7.2860E-002
-0.300	-0.200	0.500	 9.3062E-002
-0.200	-0.200	0.500	 1.1432E-001
-0.100	-0.200	0.500	 1.3236E-001
0.000	-0.200	0.500	 2.8645E-001
0.100	-0.200	0.500	 1.3238E-001
0.200	-0.200	0.500	 1.1383E-001
0.300	-0.200	0.500	 9.2779E-002
0.400	-0.200	0.500	 7.2970E-002
0.500	-0.200	0.500	 5.5171E-002
0.600	-0.200	0.500	 4.1497E-002
0.700	-0.200	0.500	 3.0675E-002
0.800	-0.200	0.500	 8.3933E-002
-0.900	-0.100	0.500	 6.4675E-002
-0.800	-0.100	0.500	 2.4125E-002
-0.700	-0.100	0.500	 3.3327E-002
-0.600	-0.100	0.500	 4.5453E-002
-0.500	-0.100	0.500	 6.1334E-002
-0.400	-0.100	0.500	 8.1533E-002
-0.300	-0.100	0.500	 1.0617E-001
-0.200	-0.100	0.500	 1.3313E-001
-0.100	-0.100	0.500	 1.5662E-001
0.000	-0.100	0.500	 3.4065E-001
0.100	-0.100	0.500	 1.5637E-001
0.200	-0.100	0.500	 1.3179E-001
0.300	-0.100	0.500	 1.0556E-001
0.400	-0.100	0.500	 8.1416E-002
0.500	-0.100	0.500	 6.1336E-002
0.600	-0.100	0.500	 4.5763E-002
0.700	-0.100	0.500	 3.3485E-002
0.800	-0.100	0.500	 8.9335E-002
-0.900	0.000	0.500	 1.3257E-001
-0.800	0.000	0.500	 5.0228E-002
-0.700	0.000	0.500	 6.9362E-002
-0.600	0.000	0.500	 9.4706E-002
-0.500	0.000	0.500	 1.2985E-001
-0.400	0.000	0.500	 1.7450E-001
-0.300	0.000	0.500	 2.2783E-001
-0.200	0.000	0.500	 2.8760E-001
-0.100	0.000	0.500	 3.4146E-001
0.000	0.000	0.500	 7.4841E-001
0.100	0.000	0.500	 3.4090E-001
0.200	0.000	0.500	 2.8668E-001
0.300	0.000	0.500	 2.2694E-001
0.400	0.000	0.500	 1.7333E-001
0.500	0.000	0.500	 1.2932E-001
0.600	0.000	0.500	 9.5520E-002
0.700	0.000	0.500	 6.9939E-002
0.800	0.000	0.500	 1.8374E-001
-0.900	0.100	0.500	 6.4704E-002
-0.800	0.100	0.500	 2.4303E-002
-0.700	0.100	0.500	 3.3253E-002
-0.600	0.100	0.500	 4.5221E-002
-0.500	0.100	0.500	 6.1150E-002
-0.400	0.100	0.500	 8.1821E-002
-0.300	0.100	0.500	 1.0656E-001
-0.200	0.100	0.500	 1.3267E-001
-0.100	0.100	0.500	 1.5655E-001
0.000	0.100	0.500	 3.4138E-001
0.100	0.100	0.500	 1.5567E-001
0.200	0.100	0.500	 1.3221E-001
0.300	0.100	0.500	 1.0600E-001
0.400	0.100	0.500	 8.1643E-002
0.500	0.100	0.500	 6.1405E-002
0.600	0.100	0.500	 4.5646E-002
0.700	0.100	0.500	 3.3389E-002
0.800	0.100	0.500	 8.9282E-002
-0.900	0.200	0.500	 6.1328E-002
-0.800	0.200	0.500	 2.2623E-002
-0.700	0.200	0.500	 3.0605E-002
-0.600	0.200	0.500	 4.1314E-002
-0.500	0.200	0.500	 5.5272E-002
-0.400	0.200	0.500	 7.2226E-002
-0.300	0.200	0.500	 9.2454E-002
-0.200	0.200	0.500	 1.1398E-001
-0.100	0.200	0.500	 1.3279E-001
0.000	0.200	0.500	 2.8592E-001
0.100	0.200	0.500	 1.3224E-001
0.200	0.200	0.500	 1.1376E-001
0.300	0.200	0.500	 9.2375E-002
0.400	0.200	0.500	 7.2437E-002
0.500	0.200	0.500	 5.5051E-002
0.600	0.200	0.500	 4.1567E-002
0.700	0.200	0.500	 3.0549E-002
0.800	0.200	0.500	 8.3875E-002
-0.900	0.300	0.500	 5.6514E-002
-0.800	0.300	0.500	 2.0233E-002
-0.700	0.300	0.500	 2.7010E-002
-0.600	0.300	0.500	 3.6151E-002
-0.500	0.300	0.500	 4.7397E-002
-0.400	0.300	0.500	 6.1485E-002
-0.300	0.300	0.500	 7.6944E-002
-0.200	0.300	0.500	 9.3081E-002
-0.100	0.300	0.500	 1.0620E-001
0.000	0.300	0.500	 2.2765E-001
0.100	0.300	0.500	 1.0649E-001
0.200	0.300	0.500	 9.2885E-002
0.300	0.300	0.500	 7.6738E-002
0.400	0.300	0.500	 6.1267E-002
0.500	0.300	0.500	 4.7333E-002
0.600	0.300	0.500	 3.6234E-002
0.700	0.300	0.500	 2.6987E-002
0.800	0.300	0.500	 7.6607E-002
-0.900	0.400	0.500	 5.0705E-002
-0.800	0.400	0.500	 1.7698E-002
-0.700	0.400	0.500	 2.3425E-002
-0.600	0.400	0.500	 3.0486E-002
-0.500	0.400	0.500	 3.9475E-002
-0.400	0.400	0.500	 5.0257E-002
-0.300	0.400	0.500	 6.1622E-002
-0.200	0.400	0.500	 7.2870E-002
-0.100	0.400	0.500	 8.1717E-002
0.000	0.400	0.500	 1.7451E-001
0.100	0.400	0.500	 8.2222E-002
0.200	0.400	0.500	 7.3104E-002
0.300	0.400	0.500	 6.1829E-002
0.400	0.400	0.500	 4.9787E-002
0.500	0.400	0.500	 3.9656E-002
0.600	0.400	0.500	 3.0336E-002
0.700	0.400	0.500	 2.3354E-002
0.800	0.400	0.500	 6.9289E-002
-0.900	0.500	0.500	 4.4857E-002
-0.800	0.500	0.500	 1.5081E-002
-0.700	0.500	0.500	 1.9443E-002
-0.600	0.500	0.500	 2.5361E-002
-0.500	0.500	0.500	 3.1988E-002
-0.400	0.500	0.500	 3.9514E-002
-0.300	0.500	0.500	 4.7793E-002
-0.200	0.500	0.500	 5.5607E-002
-0.100	0.500	0.500	 6.1503E-002
0.000	0.500	0.500	 1.2993E-001
0.100	0.500	0.500	 6.1471E-002
0.200	0.500	0.500	 5.5334E-002
0.300	0.500	0.500	 4.7760E-002
0.400	0.500	0.500	 3.9630E-002
0.500	0.500	0.500	 3.2014E-002
0.600	0.500	0.500	 2.5169E-002
0.700	0.500	0.500	 1.9481E-002
0.800	0.500	0.500	 5.9994E-002
-0.900	0.600	0.500	 3.9034E-002
-0.800	0.600	0.500	 1.2370E-002
-0.700	0.600	0.500	 1.6060E-002
-0.600	0.600	0.500	 2.0217E-002
-0.500	0.600	0.500	 2.5065E-002
-0.400	0.600	0.500	 3.0676E-002
-0.300	0.600	0.500	 3.6307E-002
-0.200	0.600	0.500	 4.1377E-002
-0.100	0.600	0.500	 4.5739E-002
0.000	0.600	0.500	 9.5343E-002
0.100	0.600	0.500	 4.5262E-002
0.200	0.600	0.500	 4.1238E-002
0.300	0.600	0.500	 3.6067E-002
0.400	0.600	0.500	 3.0589E-002
0.500	0.600	0.500	 2.5088E-002
0.600	0.600	0.500	 2.0119E-002
0.700	0.600	0.500	 1.6178E-002
0.800	0.600	0.500	 5.1123E-002
-0.900	0.700	0.500	 3.3060E-002
-0.800	0.700	0.500	 1.0129E-002
-0.700	0.700	0.500	 1.2851E-002
-0.600	0.700	0.500	 1.5896E-002
-0.500	0.700	0.500	 1.9690E-002
-0.400	0.700	0.500	 2.3443E-002
-0.300	0.700	0.500	 2.7125E-002
-0.200	0.700	0.500	 3.0607E-002
-0.100	0.700	0.500	 3.3419E-002
0.000	0.700	0.500	 6.9722E-002
0.100	0.700	0.500	 3.3391E-002
0.200	0.700	0.500	 3.0703E-002
0.300	0.700	0.500	 2.7176E-002
0.400	0.700	0.500	 2.3319E-002
0.500	0.700	0.500	 1.9728E-002
0.600	0.700	0.500	 1.6181E-002
0.700	0.700	0.500	 1.2969E-002
0.800	0.700	0.500	 4.2839E-002
-0.900	0.800	0.500	 1.4254E-001
-0.800	0.800	0.500	 3.5903E-002
-0.700	0.800	0.500	 4.2980E-002
-0.600	0.800	0.500	 5.0938E-002
-0.500	0.800	0.500	 5.9751E-002
-0.400	0.800	0.500	 6.9057E-002
-0.300	0.800	0.500	 7.7006E-002
-0.200	0.800	0.500	 8.3941E-002
-0.100	0.800	0.500	 8.8970E-002
0.000	0.800	0.500	 1.8417E-001
0.100	0.800	0.500	 8.9544E-002
0.200	0.800	0.500	 8.3828E-002
0.300	0.800	0.500	 7.6509E-002
0.400	0.800	0.500	 6.8408E-002
0.500	0.800	0.500	 5.9688E-002
0.600	0.800	0.500	 5.1075E-002
0.700	0.800	0.500	 4.2832E-002
0.800	0.800	0.500	 1.7744E-001
-0.900	-0.900	0.600	 1.0714E-001
-0.800	-0.900	0.600	 2.5978E-002
-0.700	-0.900	0.600	 3.0677E-002
-0.600	-0.900	0.600	 3.5667E-002
-0.500	-0.900	0.600	 4.0858E-002
-0.400	-0.900	0.600	 4.6777E-002
-0.300	-0.900	0.600	 5.1442E-002
-0.200	-0.900	0.600	 5.5504E-002
-0.100	-0.900	0.600	 5.8114E-002
0.000	-0.900	0.600	 1.1898E-001
0.100	-0.900	0.600	 5.8124E-002
0.200	-0.900	0.600	 5.5273E-002
0.300	-0.900	0.600	 5.0884E-002
0.400	-0.900	0.600	 4.6175E-002
0.500	-0.900	0.600	 4.0861E-002
0.600	-0.900	0.600	 3.5426E-002
0.700	-0.900	0.600	 3.0192E-002
0.800	-0.900	0.600	 1.3174E-001
-0.900	-0.800	0.600	 2.5545E-002
-0.800	-0.800	0.600	 7.2231E-003
-0.700	-0.800	0.600	 8.9599E-003
-0.600	-0.800	0.600	 1.1024E-002
-0.500	-0.800	0.600	 1.3179E-002
-0.400	-0.800	0.600	 1.5472E-002
-0.300	-0.800	0.600	 1.7733E-002
-0.200	-0.800	0.600	 1.9690E-002
-0.100	-0.800	0.600	 2.1044E-002
0.000	-0.800	0.600	 4.3554E-002
0.100	-0.800	0.600	 2.1067E-002
0.200	-0.800	0.600	 1.9372E-002
0.300	-0.800	0.600	 1.7564E-002
0.400	-0.800	0.600	 1.5353E-002
0.500	-0.800	0.600	 1.3057E-002
0.600	-0.800	0.600	 1.1038E-002
0.700	-0.800	0.600	 9.1198E-003
0.800	-0.800	0.600	 3.2858E-002
-0.900	-0.700	0.600	 3.0157E-002
-0.800	-0.700	0.600	 9.0535E-003
-0.700	-0.700	0.600	 1.1328E-002
-0.600	-0.700	0.600	 1.4078E-002
-0.500	-0.700	0.600	 1.6851E-002
-0.400	-0.700	0.600	 2.0090E-002
-0.300	-0.700	0.600	 2.3308E-002
-0.200	-0.700	0.600	 2.6007E-002
-0.100	-0.700	0.600	 2.7930E-002
0.000	-0.700	0.600	 5.8128E-002
0.100	-0.700	0.600	 2.8071E-002
0.200	-0.700	0.600	 2.6143E-002
0.300	-0.700	0.600	 2.3126E-002
0.400	-0.700	0.600	 2.0106E-002
0.500	-0.700	0.600	 1.7004E-002
0.600	-0.700	0.600	 1.4040E-002
0.700	-0.700	0.600	 1.1345E-002
0.800	-0.700	0.600	 3.9660E-002
-0.900	-0.600	0.600	 3.5581E-002
-0.800	-0.600	0.600	 1.0958E-002
-0.700	-0.600	0.600	 1.4103E-002
-0.600	-0.600	0.600	 1.7678E-002
-0.500	-0.600	0.600	 2.1647E-002
-0.400	-0.600	0.600	 2.5972E-002
-0.300	-0.600	0.600	 3.0207E-002
-0.200	-0.600	0.600	 3.4527E-002
-0.100	-0.600	0.600	 3.7505E-002
0.000	-0.600	0.600	 7.7844E-002
0.100	-0.600	0.600	 3.7597E-002
0.200	-0.600	0.600	 3.4301E-002
0.300	-0.600	0.600	 3.0557E-002
0.400	-0.600	0.600	 2.6138E-002
0.500	-0.600	0.600	 2.1564E-002
0.600	-0.600	0.600	 1.7653E-002
0.700	-0.600	0.600	 1.4003E-002
0.800	-0.600	0.600	 4.6266E-002
-0.900	-0.500	0.600	 4.1086E-002
-0.800	-0.500	0.600	 1.3245E-002
-0.700	-0.500	0.600	 1.7070E-002
-0.600	-0.500	0.600	 2.1517E-002
-0.500	-0.500	0.600	 2.6884E-002
-0.400	-0.500	0.600	 3.2697E-002
-0.300	-0.500	0.600	 3.9098E-002
-0.200	-0.500	0.600	 4.4566E-002
-0.100	-0.500	0.600	 4.9013E-002
0.000	-0.500	0.600	 1.0254E-001
0.100	-0.500	0.600	 4.9056E-002
0.200	-0.500	0.600	 4.4807E-002
0.300	-0.500	0.600	 3.9331E-002
0.400	-0.500	0.600	 3.3327E-002
0.500	-0.500	0.600	 2.6992E-002
0.600	-0.500	0.600	 2.1774E-002
0.700	-0.500	0.600	 1.7154E-002
0.800	-0.500	0.600	 5.3856E-002
-0.900	-0.400	0.600	 4.6287E-002
-0.800	-0.400	0.600	 1.5403E-002
-0.700	-0.400	0.600	 2.0129E-002
-0.600	-0.400	0.600	 2.6167E-002
-0.500	-0.400	0.600	 3.2783E-002
-0.400	-0.400	0.600	 4.0629E-002
-0.300	-0.400	0.600	 4.8878E-002
-0.200	-0.400	0.600	 5.6733E-002
-0.100	-0.400	0.600	 6.3003E-002
0.000	-0.400	0.600	 1.3206E-001
0.100	-0.400	0.600	 6.2589E-002
0.200	-0.400	0.600	 5.6451E-002
0.300	-0.400	0.600	 4.9259E-002
0.400	-0.400	0.600	 4.0865E-002
0.500	-0.400	0.600	 3.3125E-002
0.600	-0.400	0.600	 2.6113E-002
0.700	-0.400	0.600	 2.0231E-002
0.800	-0.400	0.600	 6.1441E-002
-0.900	-0.300	0.600	 5.0932E-002
-0.800	-0.300	0.600	 1.7465E-002
-0.700	-0.300	0.600	 2.3085E-002
-0.600	-0.300	0.600	 3.0380E-002
-0.500	-0.300	0.600	 3.9248E-002
-0.400	-0.300	0.600	 4.9103E-002
-0.300	-0.300	0.600	 5.9628E-002
-0.200	-0.300	0.600	 7.0396E-002
-0.100	-0.300	0.600	 7.8463E-002
0.000	-0.300	0.600	 1.6660E-001
0.100	-0.300	0.600	 7.8631E-002
0.200	-0.300	0.600	 6.9866E-002
0.300	-0.300	0.600	 5.9314E-002
0.400	-0.300	0.600	 4.8629E-002
0.500	-0.300	0.600	 3.8955E-002
0.600	-0.300	0.600	 3.0279E-002
0.700	-0.300	0.600	 2.3214E-002
0.800	-0.300	0.600	 6.8849E-002
-0.900	-0.200	0.600	 5.5429E-002
-0.800	-0.200	0.600	 1.9224E-002
-0.700	-0.200	0.600	 2.5814E-002
-0.600	-0.200	0.600	 3.4232E-002
-0.500	-0.200	0.600	 4.4616E-002
-0.400	-0.200	0.600	 5.6933E-002
-0.300	-0.200	0.600	 7.0438E-002
-0.200	-0.200	0.600	 8.3739E-002
-0.100	-0.200	0.600	 9.4529E-002
0.000	-0.200	0.600	 2.0082E-001
0.100	-0.200	0.600	 9.4304E-002
0.200	-0.200	0.600	 8.3429E-002
0.300	-0.200	0.600	 7.0161E-002
0.400	-0.200	0.600	 5.6933E-002
0.500	-0.200	0.600	 4.4447E-002
0.600	-0.200	0.600	 3.4441E-002
0.700	-0.200	0.600	 2.5803E-002
0.800	-0.200	0.600	 7.4980E-002
-0.900	-0.100	0.600	 5.8058E-002
-0.800	-0.100	0.600	 2.0679E-002
-0.700	-0.100	0.600	 2.7787E-002
-0.600	-0.100	0.600	 3.7126E-002
-0.500	-0.100	0.600	 4.8812E-002
-0.400	-0.100	0.600	 6.3012E-002
-0.300	-0.100	0.600	 7.8623E-002
-0.200	-0.100	0.600	 9.5191E-002
-0.100	-0.100	0.600	 1.0767E-001
0.000	-0.100	0.600	 2.3051E-001
0.100	-0.100	0.600	 1.0735E-001
0.200	-0.100	0.600	 9.3883E-002
0.300	-0.100	0.600	 7.8465E-002
0.400	-0.100	0.600	 6.2871E-002
0.500	-0.100	0.600	 4.9137E-002
0.600	-0.100	0.600	 3.7570E-002
0.700	-0.100	0.600	 2.8042E-002
0.800	-0.100	0.600	 7.9429E-002
-0.900	0.000	0.600	 1.1898E-001
-0.800	0.000	0.600	 4.3469E-002
-0.700	0.000	0.600	 5.8549E-002
-0.600	0.000	0.600	 7.8173E-002
-0.500	0.000	0.600	 1.0308E-001
-0.400	0.000	0.600	 1.3327E-001
-0.300	0.000	0.600	 1.6694E-001
-0.200	0.000	0.600	 2.0182E-001
-0.100	0.000	0.600	 2.3128E-001
0.000	0.000	0.600	 4.9620E-001
0.100	0.000	0.600	 2.3075E-001
0.200	0.000	0.600	 2.0104E-001
0.300	0.000	0.600	 1.6622E-001
0.400	0.000	0.600	 1.3254E-001
0.500	0.000	0.600	 1.0248E-001
0.600	0.000	0.600	 7.7490E-002
0.700	0.000	0.600	 5.8581E-002
0.800	0.000	0.600	 1.6294E-001
-0.900	0.100	0.600	 5.7451E-002
-0.800	0.100	0.600	 2.0854E-002
-0.700	0.100	0.600	 2.8175E-002
-0.600	0.100	0.600	 3.7641E-002
-0.500	0.100	0.600	 4.9226E-002
-0.400	0.100	0.600	 6.2989E-002
-0.300	0.100	0.600	 7.9163E-002
-0.200	0.100	0.600	 9.5210E-002
-0.100	0.100	0.600	 1.0798E-001
0.000	0.100	0.600	 2.3206E-001
0.100	0.100	0.600	 1.0760E-001
0.200	0.100	0.600	 9.4167E-002
0.300	0.100	0.600	 7.8169E-002
0.400	0.100	0.600	 6.2850E-002
0.500	0.100	0.600	 4.8757E-002
0.600	0.100	0.600	 3.7069E-002
0.700	0.100	0.600	 2.7833E-002
0.800	0.100	0.600	 7.9262E-002
-0.900	0.200	0.600	 5.5040E-002
-0.800	0.200	0.600	 1.9429E-002
-0.700	0.200	0.600	 2.6235E-002
-0.600	0.200	0.600	 3.4589E-002
-0.500	0.200	0.600	 4.4473E-002
-0.400	0.200	0.600	 5.6683E-002
-0.300	0.200	0.600	 6.9836E-002
-0.200	0.200	0.600	 8.3628E-002
-0.100	0.200	0.600	 9.4881E-002
0.000	0.200	0.600	 2.0183E-001
0.100	0.200	0.600	 9.4270E-002
0.200	0.200	0.600	 8.3655E-002
0.300	0.200	0.600	 6.9836E-002
0.400	0.200	0.600	 5.6599E-002
0.500	0.200	0.600	 4.4330E-002
0.600	0.200	0.600	 3.4081E-002
0.700	0.200	0.600	 2.5999E-002
0.800	0.200	0.600	 7.5516E-002
-0.900	0.300	0.600	 5.0900E-002
-0.800	0.300	0.600	 1.7568E-002
-0.700	0.300	0.600	 2.3243E-002
-0.600	0.300	0.600	 3.0300E-002
-0.500	0.300	0.600	 3.8811E-002
-0.400	0.300	0.600	 4.8849E-002
-0.300	0.300	0.600	 5.9802E-002
-0.200	0.300	0.600	 7.0398E-002
-0.100	0.300	0.600	 7.8678E-002
0.000	0.300	0.600	 1.6751E-001
0.100	0.300	0.600	 7.8971E-002
0.200	0.300	0.600	 7.0673E-002
0.300	0.300	0.600	 5.9773E-002
0.400	0.300	0.600	 4.8572E-002
0.500	0.300	0.600	 3.8865E-002
0.600	0.300	0.600	 3.0078E-002
0.700	0.300	0.600	 2.3349E-002
0.800	0.300	0.600	 6.8890E-002
-0.900	0.400	0.600	 4.5755E-002
-0.800	0.400	0.600	 1.5365E-002
-0.700	0.400	0.600	 2.0096E-002
-0.600	0.400	0.600	 2.5789E-002
-0.500	0.400	0.600	 3.2731E-002
-0.400	0.400	0.600	 4.0456E-002
-0.300	0.400	0.600	 4.9034E-002
-0.200	0.400	0.600	 5.6587E-002
-0.100	0.400	0.600	 6.2965E-002
0.000	0.400	0.600	 1.3265E-001
0.100	0.400	0.600	 6.2919E-002
0.200	0.400	0.600	 5.6784E-002
0.300	0.400	0.600	 4.9110E-002
0.400	0.400	0.600	 4.0824E-002
0.500	0.400	0.600	 3.2902E-002
0.600	0.400	0.600	 2.6021E-002
0.700	0.400	0.600	 2.0187E-002
0.800	0.400	0.600	 6.1629E-002
-0.900	0.500	0.600	 4.0799E-002
-0.800	0.500	0.600	 1.3183E-002
-0.700	0.500	0.600	 1.6915E-002
-0.600	0.500	0.600	 2.1569E-002
-0.500	0.500	0.600	 2.6707E-002
-0.400	0.500	0.600	 3.2771E-002
-0.300	0.500	0.600	 3.8984E-002
-0.200	0.500	0.600	 4.4793E-002
-0.100	0.500	0.600	 4.9329E-002
0.000	0.500	0.600	 1.0262E-001
0.100	0.500	0.600	 4.9025E-002
0.200	0.500	0.600	 4.4735E-002
0.300	0.500	0.600	 3.9294E-002
0.400	0.500	0.600	 3.3087E-002
0.500	0.500	0.600	 2.7114E-002
0.600	0.500	0.600	 2.1522E-002
0.700	0.500	0.600	 1.7019E-002
0.800	0.500	0.600	 5.4227E-002
-0.900	0.600	0.600	 3.5496E-002
-0.800	0.600	0.600	 1.1050E-002
-0.700	0.600	0.600	 1.4002E-002
-0.600	0.600	0.600	 1.7607E-002
-0.500	0.600	0.600	 2.1406E-002
-0.400	0.600	0.600	 2.5807E-002
-0.300	0.600	0.600	 3.0218E-002
-0.200	0.600	0.600	 3.4315E-002
-0.100	0.600	0.600	 3.7258E-002
0.000	0.600	0.600	 7.8197E-002
0.100	0.600	0.600	 3.7610E-002
0.200	0.600	0.600	 3.4655E-002
0.300	0.600	0.600	 3.0396E-002
0.400	0.600	0.600	 2.6101E-002
0.500	0.600	0.600	 2.1831E-002
0.600	0.600	0.600	 1.7662E-002
0.700	0.600	0.600	 1.4059E-002
0.800	0.600	0.600	 4.6407E-002
-0.900	0.700	0.600	 3.0093E-002
-0.800	0.700	0.600	 9.0701E-003
-0.700	0.700	0.600	 1.1390E-002
-0.600	0.700	0.600	 1.4083E-002
-0.500	0.700	0.600	 1.7120E-002
-0.400	0.700	0.600	 2.0104E-002
-0.300	0.700	0.600	 2.3276E-002
-0.200	0.700	0.600	 2.6139E-002
-0.100	0.700	0.600	 2.7983E-002
0.000	0.700	0.600	 5.8283E-002
0.100	0.700	0.600	 2.8044E-002
0.200	0.700	0.600	 2.6240E-002
0.300	0.700	0.600	 2.3101E-002
0.400	0.700	0.600	 2.0193E-002
0.500	0.700	0.600	 1.6954E-002
0.600	0.700	0.600	 1.4209E-002
0.700	0.700	0.600	 1.1405E-002
0.800	0.700	0.600	 3.9451E-002
-0.900	0.800	0.600	 1.3261E-001
-0.800	0.800	0.600	 3.2791E-002
-0.700	0.800	0.600	 3.9524E-002
-0.600	0.800	0.600	 4.6715E-002
-0.500	0.800	0.600	 5.4268E-002
-0.400	0.800	0.600	 6.1630E-002
-0.300	0.800	0.600	 6.8302E-002
-0.200	0.800	0.600	 7.4837E-002
-0.100	0.800	0.600	 7.9000E-002
0.000	0.800	0.600	 1.6276E-001
0.100	0.800	0.600	 7.9235E-002
0.200	0.800	0.600	 7.4747E-002
0.300	0.800	0.600	 6.9134E-002
0.400	0.800	0.600	 6.1528E-002
0.500	0.800	0.600	 5.4367E-002
0.600	0.800	0.600	 4.6986E-002
0.700	0.800	0.600	 3.9351E-002
0.800	0.800	0.600	 1.6512E-001
-0.900	-0.900	0.700	 9.3305E-002
-0.800	-0.900	0.700	 2.2213E-002
-0.700	-0.900	0.700	 2.6149E-002
-0.600	-0.900	0.700	 3.0677E-002
-0.500	-0.900	0.700	 3.5321E-002
-0.400	-0.900	0.700	 3.9519E-002
-0.300	-0.900	0.700	 4.3789E-002
-0.200	-0.900	0.700	 4.7219E-002
-0.100	-0.900	0.700	 4.9714E-002
0.000	-0.900	0.700	 1.0173E-001
0.100	-0.900	0.700	 4.9582E-002
0.200	-0.900	0.700	 4.6857E-002
0.300	-0.900	0.700	 4.3285E-002
0.400	-0.900	0.700	 3.9248E-002
0.500	-0.900	0.700	 3.5257E-002
0.600	-0.900	0.700	 3.0780E-002
0.700	-0.900	0.700	 2.6275E-002
0.800	-0.900	0.700	 1.1448E-001
-0.900	-0.800	0.700	 2.2017E-002
-0.800	-0.800	0.700	 6.2215E-003
-0.700	-0.800	0.700	 7.5153E-003
-0.600	-0.800	0.700	 9.1992E-003
-0.500	-0.800	0.700	 1.1161E-002
-0.400	-0.800	0.700	 1.2964E-002
-0.300	-0.800	0.700	 1.4546E-002
-0.200	-0.800	0.700	 1.6126E-002
-0.100	-0.800	0.700	 1.7048E-002
0.000	-0.800	0.700	 3.5445E-002
0.100	-0.800	0.700	 1.7078E-002
0.200	-0.800	0.700	 1.5901E-002
0.300	-0.800	0.700	 1.4473E-002
0.400	-0.800	0.700	 1.2734E-002
0.500	-0.800	0.700	 1.0874E-002
0.600	-0.800	0.700	 9.2806E-003
0.700	-0.800	0.700	 7.7731E-003
0.800	-0.800	0.700	 2.8304E-002
-0.900	-0.700	0.700	 2.6255E-002
-0.800	-0.700	0.700	 7.7003E-003
-0.700	-0.700	0.700	 9.5475E-003
-0.600	-0.700	0.700	 1.1584E-002
-0.500	-0.700	0.700	 1.4178E-002
-0.400	-0.700	0.700	 1.6464E-002
-0.300	-0.700	0.700	 1.8976E-002
-0.200	-0.700	0.700	 2.1087E-002
-0.100	-0.700	0.700	 2.2515E-002
0.000	-0.700	0.700	 4.6831E-002
0.100	-0.700	0.700	 2.2503E-002
0.200	-0.700	0.700	 2.0867E-002
0.300	-0.700	0.700	 1.8978E-002
0.400	-0.700	0.700	 1.6568E-002
0.500	-0.700	0.700	 1.3993E-002
0.600	-0.700	0.700	 1.1622E-002
0.700	-0.700	0.700	 9.5050E-003
0.800	-0.700	0.700	 3.4071E-002
-0.900	-0.600	0.700	 3.0595E-002
-0.800	-0.600	0.700	 9.3113E-003
-0.700	-0.600	0.700	 1.1725E-002
-0.600	-0.600	0.700	 1.4429E-002
-0.500	-0.600	0.700	 1.7552E-002
-0.400	-0.600	0.700	 2.0999E-002
-0.300	-0.600	0.700	 2.4275E-002
-0.200	-0.600	0.700	 2.7216E-002
-0.100	-0.600	0.700	 2.9361E-002
0.000	-0.600	0.700	 6.1222E-002
0.100	-0.600	0.700	 2.9332E-002
0.200	-0.600	0.700	 2.7118E-002
0.300	-0.600	0.700	 2.4300E-002
0.400	-0.600	0.700	 2.1180E-002
0.500	-0.600	0.700	 1.7423E-002
0.600	-0.600	0.700	 1.4610E-002
0.700	-0.600	0.700	 1.1697E-002
0.800	-0.600	0.700	 3.9712E-002
-0.900	-0.500	0.700	 3.5074E-002
-0.800	-0.500	0.700	 1.1189E-002
-0.700	-0.500	0.700	 1.4069E-002
-0.600	-0.500	0.700	 1.7757E-002
-0.500	-0.500	0.700	 2.1800E-002
-0.400	-0.500	0.700	 2.5857E-002
-0.300	-0.500	0.700	 3.0491E-002
-0.200	-0.500	0.700	 3.4498E-002
-0.100	-0.500	0.700	 3.7412E-002
0.000	-0.500	0.700	 7.7865E-002
0.100	-0.500	0.700	 3.7595E-002
0.200	-0.500	0.700	 3.4592E-002
0.300	-0.500	0.700	 3.0462E-002
0.400	-0.500	0.700	 2.6308E-002
0.500	-0.500	0.700	 2.1912E-002
0.600	-0.500	0.700	 1.7764E-002
0.700	-0.500	0.700	 1.4100E-002
0.800	-0.500	0.700	 4.6037E-002
-0.900	-0.400	0.700	 3.9560E-002
-0.800	-0.400	0.700	 1.2723E-002
-0.700	-0.400	0.700	 1.6535E-002
-0.600	-0.400	0.700	 2.0932E-002
-0.500	-0.400	0.700	 2.6009E-002
-0.400	-0.400	0.700	 3.1836E-002
-0.300	-0.400	0.700	 3.7274E-002
-0.200	-0.400	0.700	 4.2508E-002
-0.100	-0.400	0.700	 4.6528E-002
0.000	-0.400	0.700	 9.8399E-002
0.100	-0.400	0.700	 4.6941E-002
0.200	-0.400	0.700	 4.2860E-002
0.300	-0.400	0.700	 3.7537E-002
0.400	-0.400	0.700	 3.2028E-002
0.500	-0.400	0.700	 2.6248E-002
0.600	-0.400	0.700	 2.0974E-002
0.700	-0.400	0.700	 1.6627E-002
0.800	-0.400	0.700	 5.2376E-002
-0.900	-0.300	0.700	 4.3391E-002
-0.800	-0.300	0.700	 1.4322E-002
-0.700	-0.300	0.700	 1.8761E-002
-0.600	-0.300	0.700	 2.4129E-002
-0.500	-0.300	0.700	 3.0356E-002
-0.400	-0.300	0.700	 3.7464E-002
-0.300	-0.300	0.700	 4.4742E-002
-0.200	-0.300	0.700	 5.1769E-002
-0.100	-0.300	0.700	 5.7105E-002
0.000	-0.300	0.700	 1.1985E-001
0.100	-0.300	0.700	 5.7068E-002
0.200	-0.300	0.700	 5.1471E-002
0.300	-0.300	0.700	 4.4762E-002
0.400	-0.300	0.700	 3.7401E-002
0.500	-0.300	0.700	 3.0401E-002
0.600	-0.300	0.700	 2.4354E-002
0.700	-0.300	0.700	 1.9031E-002
0.800	-0.300	0.700	 5.8143E-002
-0.900	-0.200	0.700	 4.6868E-002
-0.800	-0.200	0.700	 1.5881E-002
-0.700	-0.200	0.700	 2.0894E-002
-0.600	-0.200	0.700	 2.7007E-002
-0.500	-0.200	0.700	 3.4511E-002
-0.400	-0.200	0.700	 4.3049E-002
-0.300	-0.200	0.700	 5.2110E-002
-0.200	-0.200	0.700	 6.0372E-002
-0.100	-0.200	0.700	 6.6799E-002
0.000	-0.200	0.700	 1.4098E-001
0.100	-0.200	0.700	 6.6442E-002
0.200	-0.200	0.700	 5.9692E-002
0.300	-0.200	0.700	 5.1506E-002
0.400	-0.200	0.700	 4.2698E-002
0.500	-0.200	0.700	 3.4501E-002
0.600	-0.200	0.700	 2.7231E-002
0.700	-0.200	0.700	 2.1060E-002
0.800	-0.200	0.700	 6.3478E-002
-0.900	-0.100	0.700	 4.9285E-002
-0.800	-0.100	0.700	 1.7066E-002
-0.700	-0.100	0.700	 2.2192E-002
-0.600	-0.100	0.700	 2.9091E-002
-0.500	-0.100	0.700	 3.7655E-002
-0.400	-0.100	0.700	 4.6640E-002
-0.300	-0.100	0.700	 5.7452E-002
-0.200	-0.100	0.700	 6.7154E-002
-0.100	-0.100	0.700	 7.4610E-002
0.000	-0.100	0.700	 1.5716E-001
0.100	-0.100	0.700	 7.4232E-002
0.200	-0.100	0.700	 6.5783E-002
0.300	-0.100	0.700	 5.6857E-002
0.400	-0.100	0.700	 4.6712E-002
0.500	-0.100	0.700	 3.7242E-002
0.600	-0.100	0.700	 2.9276E-002
0.700	-0.100	0.700	 2.2671E-002
0.800	-0.100	0.700	 6.6684E-002
-0.900	0.000	0.700	 1.0114E-001
-0.800	0.000	0.700	 3.5484E-002
-0.700	0.000	0.700	 4.6818E-002
-0.600	0.000	0.700	 6.0757E-002
-0.500	0.000	0.700	 7.8486E-002
-0.400	0.000	0.700	 9.8207E-002
-0.300	0.000	0.700	 1.1976E-001
-0.200	0.000	0.700	 1.4059E-001
-0.100	0.000	0.700	 1.5768E-001
0.000	0.000	0.700	 3.3401E-001
0.100	0.000	0.700	 1.5765E-001
0.200	0.000	0.700	 1.4003E-001
0.300	0.000	0.700	 1.1950E-001
0.400	0.000	0.700	 9.8450E-002
0.500	0.000	0.700	 7.8184E-002
0.600	0.000	0.700	 6.0971E-002
0.700	0.000	0.700	 4.6737E-002
0.800	0.000	0.700	 1.3681E-001
-0.900	0.100	0.700	 4.8896E-002
-0.800	0.100	0.700	 1.7069E-002
-0.700	0.100	0.700	 2.2654E-002
-0.600	0.100	0.700	 2.9571E-002
-0.500	0.100	0.700	 3.7864E-002
-0.400	0.100	0.700	 4.6944E-002
-0.300	0.100	0.700	 5.6944E-002
-0.200	0.100	0.700	 6.6868E-002
-0.100	0.100	0.700	 7.4780E-002
0.000	0.100	0.700	 1.5815E-001
0.100	0.100	0.700	 7.4158E-002
0.200	0.100	0.700	 6.6174E-002
0.300	0.100	0.700	 5.6866E-002
0.400	0.100	0.700	 4.6856E-002
0.500	0.100	0.700	 3.7515E-002
0.600	0.100	0.700	 2.9251E-002
0.700	0.100	0.700	 2.2443E-002
0.800	0.100	0.700	 6.6869E-002
-0.900	0.200	0.700	 4.6785E-002
-0.800	0.200	0.700	 1.5987E-002
-0.700	0.200	0.700	 2.1105E-002
-0.600	0.200	0.700	 2.7109E-002
-0.500	0.200	0.700	 3.4675E-002
-0.400	0.200	0.700	 4.2831E-002
-0.300	0.200	0.700	 5.1637E-002
-0.200	0.200	0.700	 6.0269E-002
-0.100	0.200	0.700	 6.7063E-002
0.000	0.200	0.700	 1.4073E-001
0.100	0.200	0.700	 6.6113E-002
0.200	0.200	0.700	 5.9683E-002
0.300	0.200	0.700	 5.1417E-002
0.400	0.200	0.700	 4.2873E-002
0.500	0.200	0.700	 3.4155E-002
0.600	0.200	0.700	 2.6756E-002
0.700	0.200	0.700	 2.0998E-002
0.800	0.200	0.700	 6.3006E-002
-0.900	0.300	0.700	 4.3654E-002
-0.800	0.300	0.700	 1.4480E-002
-0.700	0.300	0.700	 1.8897E-002
-0.600	0.300	0.700	 2.4043E-002
-0.500	0.300	0.700	 3.0300E-002
-0.400	0.300	0.700	 3.7460E-002
-0.300	0.300	0.700	 4.5222E-002
-0.200	0.300	0.700	 5.1716E-002
-0.100	0.300	0.700	 5.7359E-002
0.000	0.300	0.700	 1.2016E-001
0.100	0.300	0.700	 5.7150E-002
0.200	0.300	0.700	 5.1682E-002
0.300	0.300	0.700	 4.4929E-002
0.400	0.300	0.700	 3.7403E-002
0.500	0.300	0.700	 3.0374E-002
0.600	0.300	0.700	 2.4028E-002
0.700	0.300	0.700	 1.8852E-002
0.800	0.300	0.700	 5.7956E-002
-0.900	0.400	0.700	 3.9247E-002
-0.800	0.400	0.700	 1.2739E-002
-0.700	0.400	0.700	 1.6494E-002
-0.600	0.400	0.700	 2.0841E-002
-0.500	0.400	0.700	 2.6084E-002
-0.400	0.400	0.700	 3.1966E-002
-0.300	0.400	0.700	 3.7673E-002
-0.200	0.400	0.700	 4.2899E-002
-0.100	0.400	0.700	 4.7236E-002
0.000	0.400	0.700	 9.8331E-002
0.100	0.400	0.700	 4.7087E-002
0.200	0.400	0.700	 4.2671E-002
0.300	0.400	0.700	 3.7490E-002
0.400	0.400	0.700	 3.1828E-002
0.500	0.400	0.700	 2.6239E-002
0.600	0.400	0.700	 2.1003E-002
0.700	0.400	0.700	 1.6514E-002
0.800	0.400	0.700	 5.2343E-002
-0.900	0.500	0.700	 3.4862E-002
-0.800	0.500	0.700	 1.0863E-002
-0.700	0.500	0.700	 1.3868E-002
-0.600	0.500	0.700	 1.7613E-002
-0.500	0.500	0.700	 2.1538E-002
-0.400	0.500	0.700	 2.6188E-002
-0.300	0.500	0.700	 3.0284E-002
-0.200	0.500	0.700	 3.4720E-002
-0.100	0.500	0.700	 3.7685E-002
0.000	0.500	0.700	 7.8340E-002
0.100	0.500	0.700	 3.7540E-002
0.200	0.500	0.700	 3.4598E-002
0.300	0.500	0.700	 3.0593E-002
0.400	0.500	0.700	 2.6137E-002
0.500	0.500	0.700	 2.1798E-002
0.600	0.500	0.700	 1.7817E-002
0.700	0.500	0.700	 1.4056E-002
0.800	0.500	0.700	 4.6133E-002
-0.900	0.600	0.700	 3.0503E-002
-0.800	0.600	0.700	 9.2850E-003
-0.700	0.600	0.700	 1.1604E-002
-0.600	0.600	0.700	 1.4596E-002
-0.500	0.600	0.700	 1.7495E-002
-0.400	0.600	0.700	 2.1100E-002
-0.300	0.600	0.700	 2.4100E-002
-0.200	0.600	0.700	 2.7013E-002
-0.100	0.600	0.700	 2.9392E-002
0.000	0.600	0.700	 6.1363E-002
0.100	0.600	0.700	 2.9579E-002
0.200	0.600	0.700	 2.7356E-002
0.300	0.600	0.700	 2.4161E-002
0.400	0.600	0.700	 2.0836E-002
0.500	0.600	0.700	 1.7794E-002
0.600	0.600	0.700	 1.4591E-002
0.700	0.600	0.700	 1.1836E-002
0.800	0.600	0.700	 3.9978E-002
-0.900	0.700	0.700	 2.6036E-002
-0.800	0.700	0.700	 7.7251E-003
-0.700	0.700	0.700	 9.5682E-003
-0.600	0.700	0.700	 1.1837E-002
-0.500	0.700	0.700	 1.3953E-002
-0.400	0.700	0.700	 1.6587E-002
-0.300	0.700	0.700	 1.8827E-002
-0.200	0.700	0.700	 2.1186E-002
-0.100	0.700	0.700	 2.2546E-002
0.000	0.700	0.700	 4.6728E-002
0.100	0.700	0.700	 2.2659E-002
0.200	0.700	0.700	 2.1140E-002
0.300	0.700	0.700	 1.8929E-002
0.400	0.700	0.700	 1.6429E-002
0.500	0.700	0.700	 1.4104E-002
0.600	0.700	0.700	 1.1816E-002
0.700	0.700	0.700	 9.6855E-003
0.800	0.700	0.700	 3.3978E-002
-0.900	0.800	0.700	 1.1632E-001
-0.800	0.800	0.700	 2.8671E-002
-0.700	0.800	0.700	 3.3950E-002
-0.600	0.800	0.700	 3.9906E-002
-0.500	0.800	0.700	 4.6160E-002
-0.400	0.800	0.700	 5.2310E-002
-0.300	0.800	0.700	 5.8048E-002
-0.200	0.800	0.700	 6.2963E-002
-0.100	0.800	0.700	 6.6378E-002
0.000	0.800	0.700	 1.3637E-001
0.100	0.800	0.700	 6.6405E-002
0.200	0.800	0.700	 6.3114E-002
0.300	0.800	0.700	 5.8004E-002
0.400	0.800	0.700	 5.2372E-002
0.500	0.800	0.700	 4.6423E-002
0.600	0.800	0.700	 4.0177E-002
0.700	0.800	0.700	 3.3884E-002
0.800	0.800	0.700	 1.4459E-001
-0.900	-0.900	0.800	 1.3295E-001
-0.800	-0.900	0.800	 3.1317E-002
-0.700	-0.900	0.800	 3.6442E-002
-0.600	-0.900	0.800	 4.2460E-002
-0.500	-0.900	0.800	 4.8843E-002
-0.400	-0.900	0.800	 5.4585E-002
-0.300	-0.900	0.800	 5.9888E-002
-0.200	-0.900	0.800	 6.4594E-002
-0.100	-0.900	0.800	 6.8150E-002
0.000	-0.900	0.800	 1.3955E-001
0.100	-0.900	0.800	 6.7373E-002
0.200	-0.900	0.800	 6.4501E-002
0.300	-0.900	0.800	 5.9609E-002
0.400	-0.900	0.800	 5.4326E-002
0.500	-0.900	0.800	 4.9025E-002
0.600	-0.900	0.800	 4.2500E-002
0.700	-0.900	0.800	 3.6644E-002
0.800	-0.900	0.800	 1.6136E-001
-0.900	-0.800	0.800	 3.0938E-002
-0.800	-0.800	0.800	 8.6951E-003
-0.700	-0.800	0.800	 1.0352E-002
-0.600	-0.800	0.800	 1.2604E-002
-0.500	-0.800	0.800	 1.5005E-002
-0.400	-0.800	0.800	 1.7281E-002
-0.300	-0.800	0.800	 1.9495E-002
-0.200	-0.800	0.800	 2.1326E-002
-0.100	-0.800	0.800	 2.2542E-002
0.000	-0.800	0.800	 4.6538E-002
0.100	-0.800	0.800	 2.2301E-002
0.200	-0.800	0.800	 2.1143E-002
0.300	-0.800	0.800	 1.9232E-002
0.400	-0.800	0.800	 1.7020E-002
0.500	-0.800	0.800	 1.4780E-002
0.600	-0.800	0.800	 1.2504E-002
0.700	-0.800	0.800	 1.0436E-002
0.800	-0.800	0.800	 3.9834E-002
-0.900	-0.700	0.800	 3.6463E-002
-0.800	-0.700	0.800	 1.0313E-002
-0.700	-0.700	0.800	 1.2985E-002
-0.600	-0.700	0.800	 1.5667E-002
-0.500	-0.700	0.800	 1.8660E-002
-0.400	-0.700	0.800	 2.1793E-002
-0.300	-0.700	0.800	 2.4719E-002
-0.200	-0.700	0.800	 2.7275E-002
-0.100	-0.700	0.800	 2.8914E-002
0.000	-0.700	0.800	 5.9978E-002
0.100	-0.700	0.800	 2.8899E-002
0.200	-0.700	0.800	 2.7114E-002
0.300	-0.700	0.800	 2.4805E-002
0.400	-0.700	0.800	 2.1613E-002
0.500	-0.700	0.800	 1.8657E-002
0.600	-0.700	0.800	 1.5510E-002
0.700	-0.700	0.800	 1.2796E-002
0.800	-0.700	0.800	 4.6795E-002
-0.900	-0.600	0.800	 4.2419E-002
-0.800	-0.600	0.800	 1.2327E-002
-0.700	-0.600	0.800	 1.5715E-002
-0.600	-0.600	0.800	 1.9426E-002
-0.500	-0.600	0.800	 2.3065E-002
-0.400	-0.600	0.800	 2.6960E-002
-0.300	-0.600	0.800	 3.1159E-002
-0.200	-0.600	0.800	 3.4718E-002
-0.100	-0.600	0.800	 3.6857E-002
0.000	-0.600	0.800	 7.6670E-002
0.100	-0.600	0.800	 3.6815E-002
0.200	-0.600	0.800	 3.4560E-002
0.300	-0.600	0.800	 3.0945E-002
0.400	-0.600	0.800	 2.6991E-002
0.500	-0.600	0.800	 2.2937E-002
0.600	-0.600	0.800	 1.9014E-002
0.700	-0.600	0.800	 1.5577E-002
0.800	-0.600	0.800	 5.4891E-002
-0.900	-0.500	0.800	 4.8759E-002
-0.800	-0.500	0.800	 1.4877E-002
-0.700	-0.500	0.800	 1.8635E-002
-0.600	-0.500	0.800	 2.3091E-002
-0.500	-0.500	0.800	 2.8007E-002
-0.400	-0.500	0.800	 3.2961E-002
-0.300	-0.500	0.800	 3.8493E-002
-0.200	-0.500	0.800	 4.3111E-002
-0.100	-0.500	0.800	 4.6195E-002
0.000	-0.500	0.800	 9.6026E-002
0.100	-0.500	0.800	 4.6066E-002
0.200	-0.500	0.800	 4.3115E-002
0.300	-0.500	0.800	 3.8011E-002
0.400	-0.500	0.800	 3.3035E-002
0.500	-0.500	0.800	 2.7842E-002
0.600	-0.500	0.800	 2.3117E-002
0.700	-0.500	0.800	 1.8747E-002
0.800	-0.500	0.800	 6.3197E-002
-0.900	-0.400	0.800	 5.4350E-002
-0.800	-0.400	0.800	 1.7204E-002
-0.700	-0.400	0.800	 2.1862E-002
-0.600	-0.400	0.800	 2.7069E-002
-0.500	-0.400	0.800	 3.2944E-002
-0.400	-0.400	0.800	 3.9365E-002
-0.300	-0.400	0.800	 4.6126E-002
-0.200	-0.400	0.800	 5.1895E-002
-0.100	-0.400	0.800	 5.6535E-002
0.000	-0.400	0.800	 1.1747E-001
0.100	-0.400	0.800	 5.6055E-002
0.200	-0.400	0.800	 5.1836E-002
0.300	-0.400	0.800	 4.5930E-002
0.400	-0.400	0.800	 3.9868E-002
0.500	-0.400	0.800	 3.3194E-002
0.600	-0.400	0.800	 2.6994E-002
0.700	-0.400	0.800	 2.1570E-002
0.800	-0.400	0.800	 7.1540E-002
-0.900	-0.300	0.800	 5.9921E-002
-0.800	-0.300	0.800	 1.9042E-002
-0.700	-0.300	0.800	 2.4506E-002
-0.600	-0.300	0.800	 3.0911E-002
-0.500	-0.300	0.800	 3.8197E-002
-0.400	-0.300	0.800	 4.5866E-002
-0.300	-0.300	0.800	 5.4349E-002
-0.200	-0.300	0.800	 6.1366E-002
-0.100	-0.300	0.800	 6.6949E-002
0.000	-0.300	0.800	 1.3939E-001
0.100	-0.300	0.800	 6.6629E-002
0.200	-0.300	0.800	 6.1519E-002
0.300	-0.300	0.800	 5.4087E-002
0.400	-0.300	0.800	 4.6320E-002
0.500	-0.300	0.800	 3.8455E-002
0.600	-0.300	0.800	 3.1206E-002
0.700	-0.300	0.800	 2.4611E-002
0.800	-0.300	0.800	 7.9125E-002
-0.900	-0.200	0.800	 6.4531E-002
-0.800	-0.200	0.800	 2.1022E-002
-0.700	-0.200	0.800	 2.6814E-002
-0.600	-0.200	0.800	 3.4057E-002
-0.500	-0.200	0.800	 4.2620E-002
-0.400	-0.200	0.800	 5.1960E-002
-0.300	-0.200	0.800	 6.1556E-002
-0.200	-0.200	0.800	 6.9656E-002
-0.100	-0.200	0.800	 7.6004E-002
0.000	-0.200	0.800	 1.5903E-001
0.100	-0.200	0.800	 7.6391E-002
0.200	-0.200	0.800	 6.9614E-002
0.300	-0.200	0.800	 6.0886E-002
0.400	-0.200	0.800	 5.1818E-002
0.500	-0.200	0.800	 4.3001E-002
0.600	-0.200	0.800	 3.4455E-002
0.700	-0.200	0.800	 2.7137E-002
0.800	-0.200	0.800	 8.5642E-002
-0.900	-0.100	0.800	 6.7329E-002
-0.800	-0.100	0.800	 2.2098E-002
-0.700	-0.100	0.800	 2.8644E-002
-0.600	-0.100	0.800	 3.6797E-002
-0.500	-0.100	0.800	 4.6043E-002
-0.400	-0.100	0.800	 5.6818E-002
-0.300	-0.100	0.800	 6.6740E-002
-0.200	-0.100	0.800	 7.6109E-002
-0.100	-0.100	0.800	 8.3270E-002
0.000	-0.100	0.800	 1.7443E-001
0.100	-0.100	0.800	 8.3374E-002
0.200	-0.100	0.800	 7.5950E-002
0.300	-0.100	0.800	 6.6466E-002
0.400	-0.100	0.800	 5.6147E-002
0.500	-0.100	0.800	 4.5893E-002
0.600	-0.100	0.800	 3.6937E-002
0.700	-0.100	0.800	 2.9346E-002
0.800	-0.100	0.800	 9.0009E-002
-0.900	0.000	0.800	 1.3815E-001
-0.800	0.000	0.800	 4.5948E-002
-0.700	0.000	0.800	 5.9812E-002
-0.600	0.000	0.800	 7.6384E-002
-0.500	0.000	0.800	 9.5960E-002
-0.400	0.000	0.800	 1.1736E-001
-0.300	0.000	0.800	 1.3904E-001
-0.200	0.000	0.800	 1.5893E-001
-0.100	0.000	0.800	 1.7493E-001
0.000	0.000	0.800	 3.6650E-001
0.100	0.000	0.800	 1.7497E-001
0.200	0.000	0.800	 1.5820E-001
0.300	0.000	0.800	 1.3836E-001
0.400	0.000	0.800	 1.1707E-001
0.500	0.000	0.800	 9.5834E-002
0.600	0.000	0.800	 7.6658E-002
0.700	0.000	0.800	 6.0695E-002
0.800	0.000	0.800	 1.8599E-001
-0.900	0.100	0.800	 6.7681E-002
-0.800	0.100	0.800	 2.2419E-002
-0.700	0.100	0.800	 2.8944E-002
-0.600	0.100	0.800	 3.7022E-002
-0.500	0.100	0.800	 4.6111E-002
-0.400	0.100	0.800	 5.6182E-002
-0.300	0.100	0.800	 6.6817E-002
-0.200	0.100	0.800	 7.6592E-002
-0.100	0.100	0.800	 8.3825E-002
0.000	0.100	0.800	 1.7534E-001
0.100	0.100	0.800	 8.3348E-002
0.200	0.100	0.800	 7.5954E-002
0.300	0.100	0.800	 6.6704E-002
0.400	0.100	0.800	 5.6298E-002
0.500	0.100	0.800	 4.5936E-002
0.600	0.100	0.800	 3.6852E-002
0.700	0.100	0.800	 2.8979E-002
0.800	0.100	0.800	 9.0561E-002
-0.900	0.200	0.800	 6.4181E-002
-0.800	0.200	0.800	 2.1199E-002
-0.700	0.200	0.800	 2.7024E-002
-0.600	0.200	0.800	 3.4493E-002
-0.500	0.200	0.800	 4.2834E-002
-0.400	0.200	0.800	 5.2056E-002
-0.300	0.200	0.800	 6.1387E-002
-0.200	0.200	0.800	 6.9885E-002
-0.100	0.200	0.800	 7.6132E-002
0.000	0.200	0.800	 1.5981E-001
0.100	0.200	0.800	 7.6237E-002
0.200	0.200	0.800	 6.9863E-002
0.300	0.200	0.800	 6.1443E-002
0.400	0.200	0.800	 5.1998E-002
0.500	0.200	0.800	 4.2517E-002
0.600	0.200	0.800	 3.4302E-002
0.700	0.200	0.800	 2.7237E-002
0.800	0.200	0.800	 8.5626E-002
-0.900	0.300	0.800	 6.0312E-002
-0.800	0.300	0.800	 1.9291E-002
-0.700	0.300	0.800	 2.4609E-002
-0.600	0.300	0.800	 3.1039E-002
-0.500	0.300	0.800	 3.7967E-002
-0.400	0.300	0.800	 4.6362E-002
-0.300	0.300	0.800	 5.3999E-002
-0.200	0.300	0.800	 6.1275E-002
-0.100	0.300	0.800	 6.7104E-002
0.000	0.300	0.800	 1.3941E-001
0.100	0.300	0.800	 6.6929E-002
0.200	0.300	0.800	 6.0932E-002
0.300	0.300	0.800	 5.3787E-002
0.400	0.300	0.800	 4.6288E-002
0.500	0.300	0.800	 3.8166E-002
0.600	0.300	0.800	 3.1234E-002
0.700	0.300	0.800	 2.4579E-002
0.800	0.300	0.800	 7.9071E-002
-0.900	0.400	0.800	 5.4819E-002
-0.800	0.400	0.800	 1.7148E-002
-0.700	0.400	0.800	 2.1793E-002
-0.600	0.400	0.800	 2.6996E-002
-0.500	0.400	0.800	 3.3144E-002
-0.400	0.400	0.800	 3.9933E-002
-0.300	0.400	0.800	 4.6332E-002
-0.200	0.400	0.800	 5.2096E-002
-0.100	0.400	0.800	 5.6653E-002
0.000	0.400	0.800	 1.1696E-001
0.100	0.400	0.800	 5.6133E-002
0.200	0.400	0.800	 5.1784E-002
0.300	0.400	0.800	 4.6081E-002
0.400	0.400	0.800	 3.9901E-002
0.500	0.400	0.800	 3.3166E-002
0.600	0.400	0.800	 2.7276E-002
0.700	0.400	0.800	 2.1615E-002
0.800	0.400	0.800	 7.1174E-002
-0.900	0.500	0.800	 4.8959E-002
-0.800	0.500	0.800	 1.4715E-002
-0.700	0.500	0.800	 1.8440E-002
-0.600	0.500	0.800	 2.2890E-002
-0.500	0.500	0.800	 2.8014E-002
-0.400	0.500	0.800	 3.3543E-002
-0.300	0.500	0.800	 3.8707E-002
-0.200	0.500	0.800	 4.2751E-002
-0.100	0.500	0.800	 4.5962E-002
0.000	0.500	0.800	 9.6228E-002
0.100	0.500	0.800	 4.6061E-002
0.200	0.500	0.800	 4.2646E-002
0.300	0.500	0.800	 3.8513E-002
0.400	0.500	0.800	 3.3373E-002
0.500	0.500	0.800	 2.8006E-002
0.600	0.500	0.800	 2.2991E-002
0.700	0.500	0.800	 1.8696E-002
0.800	0.500	0.800	 6.3230E-002
-0.900	0.600	0.800	 4.2733E-002
-0.800	0.600	0.800	 1.2520E-002
-0.700	0.600	0.800	 1.5513E-002
-0.600	0.600	0.800	 1.9352E-002
-0.500	0.600	0.800	 2.3472E-002
-0.400	0.600	0.800	 2.7406E-002
-0.300	0.600	0.800	 3.1206E-002
-0.200	0.600	0.800	 3.4896E-002
-0.100	0.600	0.800	 3.6959E-002
0.000	0.600	0.800	 7.7384E-002
0.100	0.600	0.800	 3.6957E-002
0.200	0.600	0.800	 3.4413E-002
0.300	0.600	0.800	 3.0877E-002
0.400	0.600	0.800	 2.6989E-002
0.500	0.600	0.800	 2.3182E-002
0.600	0.600	0.800	 1.9397E-002
0.700	0.600	0.800	 1.5849E-002
0.800	0.600	0.800	 5.5080E-002
-0.900	0.700	0.800	 3.6141E-002
-0.800	0.700	0.800	 1.0441E-002
-0.700	0.700	0.800	 1.2909E-002
-0.600	0.700	0.800	 1.5660E-002
-0.500	0.700	0.800	 1.8722E-002
-0.400	0.700	0.800	 2.1846E-002
-0.300	0.700	0.800	 2.4519E-002
-0.200	0.700	0.800	 2.7101E-002
-0.100	0.700	0.800	 2.8957E-002
0.000	0.700	0.800	 6.0809E-002
0.100	0.700	0.800	 2.9065E-002
0.200	0.700	0.800	 2.7202E-002
0.300	0.700	0.800	 2.4667E-002
0.400	0.700	0.800	 2.1702E-002
0.500	0.700	0.800	 1.8844E-002
0.600	0.700	0.800	 1.5820E-002
0.700	0.700	0.800	 1.2941E-002
0.800	0.700	0.800	 4.7068E-002
-0.900	0.800	0.800	 1.6459E-001
-0.800	0.800	0.800	 3.9345E-002
-0.700	0.800	0.800	 4.6974E-002
-0.600	0.800	0.800	 5.4945E-002
-0.500	0.800	0.800	 6.3248E-002
-0.400	0.800	0.800	 7.1309E-002
-0.300	0.800	0.800	 7.9099E-002
-0.200	0.800	0.800	 8.5488E-002
-0.100	0.800	0.800	 8.9535E-002
0.000	0.800	0.800	 1.8520E-001
0.100	0.800	0.800	 9.0051E-002
0.200	0.800	0.800	 8.5486E-002
0.300	0.800	0.800	 7.9006E-002
0.400	0.800	0.800	 7.1580E-002
0.500	0.800	0.800	 6.3713E-002
0.600	0.800	0.800	 5.5625E-002
0.700	0.800	0.800	 4.6994E-002
0.800	0.800	0.800	 2.0403E-001
