Rd_r #Rd[0], [1],..Rd[nr-1]. [1/cm2]
0.000	 3.2587E+000
0.100	 1.4082E+000
0.200	 6.4571E-001
0.300	 3.3474E-001
0.400	 1.8506E-001
0.500	 1.1091E-001
0.600	 6.9097E-002
0.700	 4.2963E-002
0.800	 2.7653E-002
0.900	 1.8946E-002
1.000	 1.3441E-002
1.100	 9.2217E-003
1.200	 6.5951E-003
1.300	 4.4682E-003
1.400	 3.3047E-003
1.500	 2.3416E-003
1.600	 1.7714E-003
1.700	 1.3267E-003
1.800	 9.9974E-004
1.900	 7.6432E-004
2.000	 5.1877E-004
2.100	 3.8832E-004
2.200	 3.2090E-004
2.300	 2.0541E-004
2.400	 1.6565E-004
2.500	 1.2041E-004
2.600	 1.0476E-004
2.700	 7.8777E-005
2.800	 5.1446E-005
2.900	 4.6894E-005
3.000	 3.2748E-005
3.100	 3.2771E-005
3.200	 2.0593E-005
3.300	 1.2026E-005
3.400	 1.3657E-005
3.500	 9.3746E-006
3.600	 6.9639E-006
3.700	 6.5406E-006
3.800	 4.7067E-006
3.900	 1.6144E-006
4.000	 2.2470E-006
4.100	 1.9621E-006
4.200	 2.8690E-006
4.300	 6.4931E-007
4.400	 6.9239E-007
4.500	 7.4879E-007
4.600	 4.4071E-007
4.700	 2.9279E-007
4.800	 2.3407E-007
4.900	 2.9504E-007
5.000	 4.7758E-008
5.100	 5.3993E-007
5.200	 3.1467E-008
5.300	 6.3289E-008
5.400	 6.7757E-008
5.500	 3.1840E-007


Rd_a #Rd[0], [1],..Rd[na-1]. [sr-1]

0.000	 8.7941E-002


# position   Rd[r][angle]. [1/(cm2sr)].
# Rd[0][0], [0][1],..[0][na-1]
# Rd[1][0], [1][1],..[1][na-1]
# ...
# Rd[nr-1][0], [nr-1][1],..[nr-1][na-1]
r    angle   Rd_ra


0.000	0.000	 7.3346E-001
0.100	0.000	 3.1696E-001
0.200	0.000	 1.4534E-001
0.300	0.000	 7.5343E-002
0.400	0.000	 4.1654E-002
0.500	0.000	 2.4963E-002
0.600	0.000	 1.5552E-002
0.700	0.000	 9.6700E-003
0.800	0.000	 6.2240E-003
0.900	0.000	 4.2643E-003
1.000	0.000	 3.0253E-003
1.100	0.000	 2.0756E-003
1.200	0.000	 1.4844E-003
1.300	0.000	 1.0057E-003
1.400	0.000	 7.4381E-004
1.500	0.000	 5.2705E-004
1.600	0.000	 3.9870E-004
1.700	0.000	 2.9862E-004
1.800	0.000	 2.2502E-004
1.900	0.000	 1.7203E-004
2.000	0.000	 1.1676E-004
2.100	0.000	 8.7403E-005
2.200	0.000	 7.2228E-005
2.300	0.000	 4.6235E-005
2.400	0.000	 3.7283E-005
2.500	0.000	 2.7102E-005
2.600	0.000	 2.3579E-005
2.700	0.000	 1.7731E-005
2.800	0.000	 1.1579E-005
2.900	0.000	 1.0555E-005
3.000	0.000	 7.3709E-006
3.100	0.000	 7.3761E-006
3.200	0.000	 4.6351E-006
3.300	0.000	 2.7067E-006
3.400	0.000	 3.0738E-006
3.500	0.000	 2.1100E-006
3.600	0.000	 1.5674E-006
3.700	0.000	 1.4721E-006
3.800	0.000	 1.0594E-006
3.900	0.000	 3.6337E-007
4.000	0.000	 5.0575E-007
4.100	0.000	 4.4163E-007
4.200	0.000	 6.4574E-007
4.300	0.000	 1.4615E-007
4.400	0.000	 1.5584E-007
4.500	0.000	 1.6854E-007
4.600	0.000	 9.9194E-008
4.700	0.000	 6.5900E-008
4.800	0.000	 5.2684E-008
4.900	0.000	 6.6408E-008
5.000	0.000	 1.0749E-008
5.100	0.000	 1.2153E-007
5.200	0.000	 7.0826E-009
5.300	0.000	 1.4245E-008
5.400	0.000	 1.5251E-008
5.500	0.000	 7.1665E-008
# Rd[nl][x]. [1/cm].
# Rd[0][0], [0][1],..[0][nr-1]
# Rd[1][0], [1][1],..[1][nr-1]
# ...
# Rd[nl-1][0], [nl-1][1],..[nl-1][nr-1]
Rd_lr

layer 1
0.000	 3.2567E+000
0.100	 1.4060E+000
0.200	 6.4368E-001
0.300	 3.3284E-001
0.400	 1.8333E-001
0.500	 1.0934E-001
0.600	 6.7575E-002
0.700	 4.1664E-002
0.800	 2.6486E-002
0.900	 1.7780E-002
1.000	 1.2441E-002
1.100	 8.3989E-003
1.200	 5.8522E-003
1.300	 3.8447E-003
1.400	 2.7707E-003
1.500	 1.9044E-003
1.600	 1.4366E-003
1.700	 9.8051E-004
1.800	 7.4841E-004
1.900	 5.3193E-004
2.000	 3.5585E-004
2.100	 2.4398E-004
2.200	 1.9879E-004
2.300	 1.2413E-004
2.400	 9.6534E-005
2.500	 6.2970E-005
2.600	 5.2036E-005
2.700	 4.1132E-005
2.800	 2.3511E-005
2.900	 2.5267E-005
3.000	 1.5894E-005
3.100	 1.5510E-005
3.200	 5.6849E-006
3.300	 3.5463E-006
3.400	 4.1465E-006
3.500	 2.2759E-006
3.600	 1.7567E-006
3.700	 3.0631E-006
3.800	 3.6087E-008
layer 2
0.000	 1.9977E-003
0.100	 2.2535E-003
0.200	 2.0276E-003
0.300	 1.8955E-003
0.400	 1.7337E-003
0.500	 1.5679E-003
0.600	 1.5224E-003
0.700	 1.2988E-003
0.800	 1.1664E-003
0.900	 1.1656E-003
1.000	 9.9983E-004
1.100	 8.2283E-004
1.200	 7.4298E-004
1.300	 6.2345E-004
1.400	 5.3399E-004
1.500	 4.3721E-004
1.600	 3.3482E-004
1.700	 3.4621E-004
1.800	 2.5132E-004
1.900	 2.3239E-004
2.000	 1.6292E-004
2.100	 1.4435E-004
2.200	 1.2211E-004
2.300	 8.1283E-005
2.400	 6.9111E-005
2.500	 5.7440E-005
2.600	 5.2724E-005
2.700	 3.7645E-005
2.800	 2.7935E-005
2.900	 2.1627E-005
3.000	 1.6854E-005
3.100	 1.7261E-005
3.200	 1.4908E-005
3.300	 8.4792E-006
3.400	 9.5101E-006
3.500	 7.0987E-006
3.600	 5.2072E-006
3.700	 3.4774E-006
3.800	 4.6706E-006
