Rd_r #Rd[0], [1],..Rd[nr-1]. [1/cm2]
0.000	 3.0879E+000
0.100	 1.3763E+000
0.200	 5.7495E-001
0.300	 2.9324E-001
0.400	 1.4873E-001
0.500	 8.1839E-002
0.600	 4.9654E-002
0.700	 3.1083E-002
0.800	 1.8184E-002
0.900	 1.1438E-002
1.000	 7.9800E-003
1.100	 4.4552E-003
1.200	 2.9694E-003
1.300	 2.6172E-003
1.400	 1.4490E-003
1.500	 7.5990E-004
1.600	 6.4664E-004
1.700	 5.7606E-004
1.800	 3.5683E-004
1.900	 1.6784E-004
2.000	 6.1525E-004


Rd_a #Rd[0], [1],..Rd[na-1]. [sr-1]

0.000	 7.4673E-002


# position   Rd[r][angle]. [1/(cm2sr)].
# Rd[0][0], [0][1],..[0][na-1]
# Rd[1][0], [1][1],..[1][na-1]
# ...
# Rd[nr-1][0], [nr-1][1],..[nr-1][na-1]
r    angle   Rd_ra


0.000	0.000	 6.9502E-001
0.100	0.000	 3.0977E-001
0.200	0.000	 1.2941E-001
0.300	0.000	 6.6002E-002
0.400	0.000	 3.3476E-002
0.500	0.000	 1.8420E-002
0.600	0.000	 1.1176E-002
0.700	0.000	 6.9960E-003
0.800	0.000	 4.0929E-003
0.900	0.000	 2.5744E-003
1.000	0.000	 1.7961E-003
1.100	0.000	 1.0028E-003
1.200	0.000	 6.6835E-004
1.300	0.000	 5.8907E-004
1.400	0.000	 3.2613E-004
1.500	0.000	 1.7104E-004
1.600	0.000	 1.4555E-004
1.700	0.000	 1.2966E-004
1.800	0.000	 8.0314E-005
1.900	0.000	 3.7777E-005
2.000	0.000	 1.3848E-004
# Rd[nl][x]. [1/cm].
# Rd[0][0], [0][1],..[0][nr-1]
# Rd[1][0], [1][1],..[1][nr-1]
# ...
# Rd[nl-1][0], [nl-1][1],..[nl-1][nr-1]
Rd_lr

layer 1
0.000	 3.0879E+000
0.100	 1.3763E+000
0.200	 5.7495E-001
0.300	 2.9324E-001
0.400	 1.4873E-001
0.500	 8.1839E-002
0.600	 4.9654E-002
0.700	 3.1083E-002
0.800	 1.8184E-002
0.900	 1.1438E-002
1.000	 7.9800E-003
1.100	 4.4552E-003
1.200	 2.9694E-003
1.300	 2.6172E-003
1.400	 1.4490E-003
1.500	 7.5990E-004
1.600	 6.4664E-004
1.700	 5.7606E-004
1.800	 3.5683E-004
1.900	 1.6784E-004
2.000	 6.1525E-004
